6.79650000000000
5.17180000000000
4.28190000000000
4.84000000000000
2.55490000000000
4.35320000000000
4.14240000000000
5.57490000000000
6.13300000000000
4.88340000000000
5.18110000000000
5.14390000000000
2.49290000000000
4.17340000000000
4.04010000000000
2.78740000000000
3.32070000000000
5.22140000000000
4.91440000000000
5.37950000000000
6.62910000000000
4.95780000000000
4.23540000000000
4.62610000000000
3.21840000000000
5.29890000000000
3.45720000000000
3.00140000000000
2.66650000000000
4.28190000000000
7.14680000000000
6.65390000000000
6.08330000000000
5.66170000000000
3.05100000000000
2.57350000000000
2.95490000000000
5.28340000000000
6.29420000000000
5.20590000000000
5.05710000000000
2.87110000000000
4.68190000000000
3.03550000000000
5.56550000000000
6.08950000000000
2.29750000000000
1.23710000000000
0.809300000000000
3.17190000000000
5.79500000000000
4.23850000000000
0.638700000000000
0.849600000000000
1.26190000000000
1.59370000000000
6.06780000000000
5.57800000000000
2.22620000000000
4.47100000000000
5.70200000000000
5.38260000000000
5.28340000000000
5.27410000000000
4.95160000000000
4.83380000000000
5.43530000000000
5.70510000000000
4.87720000000000
3.85400000000000
2.95800000000000
3.26180000000000
4.62920000000000
1.57510000000000
4.13620000000000
3.96560000000000
3.99360000000000
3.86020000000000
2.80600000000000
3.16260000000000
4.07110000000000
4.33150000000000
4.71600000000000
4.85860000000000
5.13460000000000
3.84470000000000
2.59520000000000
3.63390000000000
3.98740000000000
3.78890000000000
3.72380000000000
3.51920000000000
4.22610000000000
3.36720000000000
1.31770000000000
1.86660000000000
2.16730000000000
2.56110000000000
2.06810000000000
2.98590000000000
1.70220000000000
2.27270000000000
3.47890000000000
2.60450000000000
0.995300000000000
0.235600000000000
1.94100000000000
2.49910000000000
2.21690000000000
2.14560000000000
2.91450000000000
1.49450000000000
1.11310000000000
0.716200000000000
2.87110000000000
2.52700000000000
2.39060000000000
2.04020000000000
2.23550000000000
1.42630000000000
0.679000000000000
1.49140000000000
1.20610000000000
1.61850000000000
0.682100000000000
0.437200000000000
0.862000000000000
0.390700000000000
0.310100000000000
0.706900000000000
2.22930000000000
1.91930000000000
0.889900000000000
0.834100000000000
1.02940000000000
2.87420000000000
2.05880000000000
1.75180000000000
1.62470000000000
1.46040000000000
1.51620000000000
1.59680000000000
0.889900000000000
1.30220000000000
0.992200000000000
1.99060000000000
0.905400000000000
1.06040000000000
0.973600000000000
0.310100000000000
0.648000000000000
0.728600000000000
0.601500000000000
1.37980000000000
0.434100000000000
0.334900000000000
1.17820000000000
1.20300000000000
2.29440000000000
2.10840000000000
1.83240000000000
2.10840000000000
1.93170000000000
0.902300000000000
0.756500000000000
0.840300000000000
0.672800000000000
2.07120000000000
1.96890000000000
1.30840000000000
1.44800000000000
1.22470000000000
1.47900000000000
0.241800000000000
1.96580000000000
1.68980000000000
1.64640000000000
2.18590000000000
0.682100000000000
1.14720000000000
2.26650000000000
2.42470000000000
2.43400000000000
1.08210000000000
1.11000000000000
2.68200000000000
2.42470000000000
1.25570000000000
0.651100000000000
0.840300000000000
0.976700000000000
1.81070000000000
1.19370000000000
0.477500000000000
2.17660000000000
2.83080000000000
1.37980000000000
1.80140000000000
2.03400000000000
1.62470000000000
2.18900000000000
0.530200000000000
2.84010000000000
1.62160000000000
1.85100000000000
2.11770000000000
0.666600000000000
1.36740000000000
0.951900000000000
1.16580000000000
0.669700000000000
0.192200000000000
0.170500000000000
1.51620000000000
3.19980000000000
1.83550000000000
0.961200000000000
1.64330000000000
1.73010000000000
1.70840000000000
3.00450000000000
1.82000000000000
1.63400000000000
3.99980000000000
2.15490000000000
0.685200000000000
0.772000000000000
0.905400000000000
1.59990000000000
0.979800000000000
2.38430000000000
2.75020000000000
2.61070000000000
0.902300000000000
2.03710000000000
0.694500000000000
1.92860000000000
2.75330000000000
2.89900000000000
4.43690000000000
5.23690000000000
3.78270000000000
1.63090000000000
4.37800000000000
4.85860000000000
2.66960000000000
1.33330000000000
2.42160000000000
0.750300000000000
4.68190000000000
4.71600000000000
2.34090000000000
0.747200000000000
2.75640000000000
2.41540000000000
1.11310000000000
4.88960000000000
3.23700000000000
2.04640000000000
5.25240000000000
3.99050000000000
3.51920000000000
6.12060000000000
3.86640000000000
2.67580000000000
5.50660000000000
5.15010000000000
5.51590000000000
4.99810000000000
3.62460000000000
1.74560000000000
4.12690000000000
6.41200000000000
4.97020000000000
3.30210000000000
1.29290000000000
5.61830000000000
1.58130000000000
1.91930000000000
2.53940000000000
0.889900000000000
0.936400000000000
3.81060000000000
6.08950000000000
5.82290000000000
3.83230000000000
5.38260000000000
5.45700000000000
4.92060000000000
0.964300000000000
1.34880000000000
0.874400000000000
2.60760000000000
3.10060000000000
1.09450000000000
2.86490000000000
4.93610000000000
4.73150000000000
4.90510000000000
5.10050000000000
5.01980000000000
5.88490000000000
6.70350000000000
7.11890000000000
7.84760000000000
6.60730000000000
5.89420000000000
3.61220000000000
6.34070000000000
8.16690000000000
7.23370000000000
4.59510000000000
3.13470000000000
4.76560000000000
5.10980000000000
3.93150000000000
5.76090000000000
6.24460000000000
3.91910000000000
3.62150000000000
6.55150000000000
6.77480000000000
5.59660000000000
5.05090000000000
6.97630000000000
7.09720000000000
7.20580000000000
6.16710000000000
7.08790000000000
3.26490000000000
5.93760000000000
4.42760000000000
3.27420000000000
3.55020000000000
1.88210000000000
0.880600000000000
4.96400000000000
5.79500000000000
4.55480000000000
5.73610000000000
5.85390000000000
6.14540000000000
5.74850000000000
6.53600000000000
6.36550000000000
5.09120000000000
6.43680000000000
4.86790000000000
3.90360000000000
4.27570000000000
1.03560000000000
1.01390000000000
2.89900000000000
0.815500000000000
1.72080000000000
4.21060000000000
2.42160000000000
0.927100000000000
1.53790000000000
2.81840000000000
1.39530000000000
3.52230000000000
4.12380000000000
5.87250000000000
7.60880000000000
5.45700000000000
6.13920000000000
2.72850000000000
2.73470000000000
3.79200000000000
4.01220000000000
4.45860000000000
5.22450000000000
5.94070000000000
6.01820000000000
6.31590000000000
6.52670000000000
5.45390000000000
6.80890000000000
6.48950000000000
5.46010000000000
5.92210000000000
5.88490000000000
4.85550000000000
5.23690000000000
3.48820000000000
3.73000000000000
3.45720000000000
4.61680000000000
0.939500000000000
0.905400000000000
1.59990000000000
1.82000000000000
0.784400000000000
1.09140000000000
1.68670000000000
1.95340000000000
2.92080000000000
2.58900000000000
6.03680000000000
5.20900000000000
3.30210000000000
3.64320000000000
1.11620000000000
4.22920000000000
6.88950000000000
6.62280000000000
6.41200000000000
6.17330000000000
6.12060000000000
4.39040000000000
3.53470000000000
2.04020000000000
2.36880000000000
5.37950000000000
5.23380000000000
4.72220000000000
4.39970000000000
5.02290000000000
5.35780000000000
6.18880000000000
6.76550000000000
5.39810000000000
1.70840000000000
2.30680000000000
4.43690000000000
5.37330000000000
5.51280000000000
5.60900000000000
4.95470000000000
2.22930000000000
2.93010000000000
3.84780000000000
4.49270000000000
3.94700000000000
3.96870000000000
4.10520000000000
4.42450000000000
4.76870000000000
4.55480000000000
4.62920000000000
2.02780000000000
4.41520000000000
4.30670000000000
4.14240000000000
4.28500000000000
4.45240000000000
4.30050000000000
2.98590000000000
4.08660000000000
3.59360000000000
2.80290000000000
1.73320000000000
1.39530000000000
3.54090000000000
0.756500000000000
1.69600000000000
3.71140000000000
3.90670000000000
1.53480000000000
0.896100000000000
1.01700000000000
2.49910000000000
1.55650000000000
0.384500000000000
2.95180000000000
3.41370000000000
1.17510000000000
0.582900000000000
3.26180000000000
3.02310000000000
2.66030000000000
2.71920000000000
2.65100000000000
2.63550000000000
1.11620000000000
0.803100000000000
1.61540000000000
1.10070000000000
0.396900000000000
1.90690000000000
0.896100000000000
2.44020000000000
1.96890000000000
2.06810000000000
2.79360000000000
2.69750000000000
2.11770000000000
1.43870000000000
0.685200000000000
0.576700000000000
2.26030000000000
0.793700000000000
0.567400000000000
0.924000000000000
0.713100000000000
2.36570000000000
1.31770000000000
0.548800000000000
0.905400000000000
1.24640000000000
0.375200000000000
0.303900000000000
0.263500000000000
2.39990000000000
1.76730000000000
1.93170000000000
1.47590000000000
1.04490000000000
0.679000000000000
0.626300000000000
1.17510000000000
1.55960000000000
1.55960000000000
1.84480000000000
1.92240000000000
1.52860000000000
0.803100000000000
0.241800000000000
0.145700000000000
0.533300000000000
1.80450000000000
1.70530000000000
1.07280000000000
1.63400000000000
0.601500000000000
1.90690000000000
1.37670000000000
1.91930000000000
1.68670000000000
0.917800000000000
0.297700000000000
1.73940000000000
0.741000000000000
0.778200000000000
1.14410000000000
0.431000000000000
1.12550000000000
0.629400000000000
0.703800000000000
1.12240000000000
1.15030000000000
0.827900000000000
0.561200000000000
0.195300000000000
0.731700000000000
0.784400000000000
0.644900000000000
0.768900000000000
2.02780000000000
1.48520000000000
0.691400000000000
1.39530000000000
2.45880000000000
2.13320000000000
3.28040000000000
2.88660000000000
2.78430000000000
2.98280000000000
2.32850000000000
2.29750000000000
3.15020000000000
1.65570000000000
2.24790000000000
3.10060000000000
2.16110000000000
1.64330000000000
1.84170000000000
2.31920000000000
3.08820000000000
2.16420000000000
1.28980000000000
2.80600000000000
3.32380000000000
3.35480000000000
1.23710000000000
3.50060000000000
3.72690000000000
1.94100000000000
1.92240000000000
2.88350000000000
3.26490000000000
1.82620000000000
3.44790000000000
2.92700000000000
0.601500000000000
1.92550000000000
3.16570000000000
0.967400000000000
2.82770000000000
3.79200000000000
3.46340000000000
2.00610000000000
1.18440000000000
4.04320000000000
3.46340000000000
3.20290000000000
1.77350000000000
1.20300000000000
2.46190000000000
3.42610000000000
3.64010000000000
3.68970000000000
1.57820000000000
1.67120000000000
0.793700000000000
0.815500000000000
0.657300000000000
0.675900000000000
1.17820000000000
2.11460000000000
3.70210000000000
4.70670000000000
2.54560000000000
2.93320000000000
2.50530000000000
4.24160000000000
2.31300000000000
4.30050000000000
1.55340000000000
1.77660000000000
2.66030000000000
2.68200000000000
3.48510000000000
4.87100000000000
4.17030000000000
1.43870000000000
1.53480000000000
5.59350000000000
5.69580000000000
4.18270000000000
4.08040000000000
4.67880000000000
2.48670000000000
1.86660000000000
3.52230000000000
3.75170000000000
3.90050000000000
3.52850000000000
2.98280000000000
4.10520000000000
4.11450000000000
4.46170000000000
4.07110000000000
0.781300000000000
5.82290000000000
5.85390000000000
6.12060000000000
3.73620000000000
6.00890000000000
3.14090000000000
2.83080000000000
3.86950000000000
1.00150000000000
0.958100000000000
4.92370000000000
5.06020000000000
4.57960000000000
3.82300000000000
4.86790000000000
2.68510000000000
6.76550000000000
6.41820000000000
6.29730000000000
3.18120000000000
4.79660000000000
1.68360000000000
0.809300000000000
2.64480000000000
4.17340000000000
4.62610000000000
4.45860000000000
4.93300000000000
5.63690000000000
5.17490000000000
4.88960000000000
7.59950000000000
5.03530000000000
5.99340000000000
4.89270000000000
5.11290000000000
5.41360000000000
6.28490000000000
6.46780000000000
7.07240000000000
6.17330000000000
4.56100000000000
3.62770000000000
2.57040000000000
4.45550000000000
2.88350000000000
3.67730000000000
5.24000000000000
4.28500000000000
4.77180000000000
4.08970000000000
5.86940000000000
5.90970000000000
6.80270000000000
2.52080000000000
6.33450000000000
7.06930000000000
8.16070000000000
2.86800000000000
3.35170000000000
3.99050000000000
3.66180000000000
2.40300000000000
3.69280000000000
2.34710000000000
4.65400000000000
3.77650000000000
5.10050000000000
3.02930000000000
7.14060000000000
4.59510000000000
5.53450000000000
5.11290000000000
6.22600000000000
3.15020000000000
3.72380000000000
3.75170000000000
3.57810000000000
3.74860000000000
5.90660000000000
6.11440000000000
3.47580000000000
4.17650000000000
5.04470000000000
2.48360000000000
2.01540000000000
0.793700000000000
2.60140000000000
5.39500000000000
6.50500000000000
6.04610000000000
5.52520000000000
4.27570000000000
5.63070000000000
5.23070000000000
5.51280000000000
2.73470000000000
5.47250000000000
3.14090000000000
7.25230000000000
7.12510000000000
6.64460000000000
5.81360000000000
4.80280000000000
5.62760000000000
4.74700000000000
4.06490000000000
3.44470000000000
3.67730000000000
4.66950000000000
3.71450000000000
2.17660000000000
3.99360000000000
4.64780000000000
4.17030000000000
3.04170000000000
3.58120000000000
6.08950000000000
7.08170000000000
6.38410000000000
7.03520000000000
6.61970000000000
6.45850000000000
6.08950000000000
3.44160000000000
1.85410000000000
4.81520000000000
4.84310000000000
5.21210000000000
5.46320000000000
5.29580000000000
6.39650000000000
6.06780000000000
4.60130000000000
3.34240000000000
0.759600000000000
1.73630000000000
4.22920000000000
4.39040000000000
4.66950000000000
3.71760000000000
6.12680000000000
5.99960000000000
4.17340000000000
4.44310000000000
3.52850000000000
4.35320000000000
2.62310000000000
3.51920000000000
3.65560000000000