17.2225000000000
6.48980000000000
3.19080000000000
2.45600000000000
0
0
0
4.76510000000000
11.0752000000000
9.54680000000000
0.00230000000000000
3.25980000000000
3.17620000000000
0
1.67930000000000
0
0
1.27630000000000
0
0
1.03280000000000
42.7853000000000
0
3.02280000000000
0
6.86740000000000
1.11790000000000
6.09180000000000
0
0
0
0
0
0
0
4.59010000000000
5.95410000000000
0
0
0
0
0
0
0
0
0.419900000000000
2.13220000000000
6.84510000000000
15.9215000000000
0
0
0.0630000000000000
0.769000000000000
0
0
0
0
0
0
0
0
0
0
0
0
0
0
0
0
0
0
0
0
0
0
0
0
0
0
0
0
0
0
0
0
0
0
0
0
0
0
0
0
0
0
0
0
0
0
0
0
0
0
0
16.6684000000000
7.43330000000000
0
0
0
0
0
0
0
29.8249000000000
6.63980000000000
0
0
0
0.340100000000000
0.303300000000000
13.1293000000000
0
0.0504000000000000
0
17.5450000000000
0
5.49250000000000
2.76070000000000
2.55260000000000
28.0990000000000
0
0
0
0
20.3883000000000
2.94200000000000
0
0
0
0
0
0
0
0
18.5314000000000
0.290700000000000
0
3.63360000000000
0
2.75590000000000
0.240600000000000
0
0
0
1.00760000000000
40.6389000000000
0.716600000000000
0.0703000000000000
8.71480000000000
0
0
0
0
1.97520000000000
14.3697000000000
18.9940000000000
0.0552000000000000
0.503800000000000
0
0
0
1.77310000000000
5.32910000000000
37.5260000000000
0
0
0
0
4.81010000000000
32.9792000000000
0
0
0
0
1.43580000000000
0
0
0.252000000000000
0
0.125900000000000
0.369500000000000
0
0
17.9170000000000
0
0
0
0
17.0746000000000
4.58010000000000
0
39.9964000000000
1.91220000000000
0
0
0
17.6453000000000
37.8509000000000
4.00940000000000
0
10.5354000000000
45.0113000000000
12.5210000000000
0.829200000000000
0
0
0
0
4.00520000000000
0
0
0
0
0
0
8.64140000000000
17.3653000000000
24.7072000000000
0
22.7871000000000
3.22690000000000
0
0.370700000000000
11.2282000000000
0
0.134300000000000
0
25.8974000000000
0.476600000000000
0
0
0
5.39900000000000
0
0
0
0
0.0840000000000000
1.14190000000000
0
0
0
27.6545000000000
0
0
0.117700000000000
6.67510000000000
1.67930000000000
24.6107000000000
0
0
7.52990000000000
0.793500000000000
0
9.22790000000000
0
0
0
0
0
57.1995000000000
6.84200000000000
0
0
0
72.3206000000000
0
0
11.4341000000000
52.3884000000000
35.8959000000000
0.0255000000000000
2.61040000000000
0.384500000000000
0
0
0
0
0
0.382500000000000
17.9318000000000
23.1994000000000
0.00520000000000000
55.8650000000000
8.17070000000000
2.69460000000000
0
0
0
0
0
0
0
0
0
0
0
0
0
0
0
0.403000000000000
0
0
0
0
13.3570000000000
0.0630000000000000
7.19440000000000
0
0
1.21750000000000
0
0
0
0
0
9.05600000000000
1.72950000000000
0
0
6.60400000000000
4.50910000000000
2.48970000000000
4.84410000000000
8.36170000000000
2.40350000000000
0
0.873200000000000
0.671700000000000
0
2.64500000000000
0
0.134300000000000
20.9533000000000
4.59220000000000
21.1778000000000
0
0
0
0
0
19.9249000000000
13.8870000000000
1.93270000000000
16.0965000000000
10.9794000000000
27.7082000000000
20.4575000000000
23.7383000000000
1.34170000000000
6.95240000000000
0
0
0.0420000000000000
1.37710000000000
4.11020000000000
3.70290000000000
0
0.403000000000000
0
0
0
0
0
0
3.06050000000000
0
2.09710000000000
0
0
0
12.4227000000000
3.07750000000000
0.701100000000000
0.474400000000000
3.89600000000000
0.125900000000000
0.365200000000000
4.59690000000000
9.09620000000000
0.148900000000000
0
0
0
15.5458000000000
61.2228000000000
47.5630000000000
0
0
0
0
0.800300000000000
4.69240000000000
0
0
0
0
0
0
0
0
0
0
0.0201000000000000
0
0
0
0.0293000000000000
0
0
0
0
0
0
0
0
0
0
0
0
0
0
0
0
0.180500000000000
0
0
0
0
0
0
0
0
0
0
0
0
0
0
0
0
0
0
0
6.86420000000000
0
0
0
0
0
0
0
0
0.855900000000000
0.991400000000000
0
0.467400000000000
0.0490000000000000
0
0
0
0
0
0
0
0
0
0
19.0241000000000
1.75350000000000
0.0528000000000000
29.0060000000000
0
4.80920000000000
0
0
0
0
12.4501000000000
0
0
0
50.5796000000000
0
5.95480000000000
11.8882000000000
0
3.51150000000000
37.0156000000000
0
29.8228000000000
0.00990000000000000
3.58180000000000
0.0119000000000000
0
0
0
0
0
6.79290000000000
0
10.3909000000000
0
0
0
0
3.46700000000000
17.7828000000000
11.4539000000000
2.70720000000000
0
0
0
0
0.377900000000000
0
0
0
0
0.545800000000000
10.9408000000000
0
0
0
0.302300000000000
28.6054000000000
0
0
0
0
1.40230000000000
17.9203000000000
3.31900000000000
0
0
0
0
1.24060000000000
0
2.02840000000000
18.2264000000000
0
0
0
0
0
0
0
0
0
0
0.252600000000000
1.00980000000000
0
0.0151000000000000
2.23900000000000
0.216900000000000
2.11380000000000
0
0
2.64800000000000
20.2685000000000
0
0
7.31470000000000
0
0
0
4.43830000000000
0.698100000000000
0.403000000000000
7.15420000000000
0.617600000000000
1.03990000000000
0.382800000000000
0
0
0
0
0
0
0
0.581000000000000
0
0
0
0
1.73710000000000
30.0659000000000
0
0
0
0
0
9.35900000000000
4.04170000000000
63.6044000000000
0
0.167900000000000
0
0.126000000000000
0
0
0
0
0
0
0
2.08910000000000
0.403000000000000
0.302300000000000
2.76200000000000
5.09900000000000
0
0
47.7265000000000
30.6313000000000
0
0
0
0
2.17090000000000
0.518100000000000
3.21340000000000
0.0420000000000000
0.579400000000000
0
0
2.45110000000000
0.146800000000000
0.0493000000000000
4.59830000000000
28.8356000000000
10.3118000000000
0
0
0
0
0.0420000000000000
10.2314000000000
10.4967000000000
25.5230000000000
15.7707000000000
0.321500000000000
2.92200000000000
0
0
0
2.49810000000000
0.428200000000000
0
0
0
0
0
0
0.968000000000000
17.2233000000000
0
0
0
0
0
0
5.10270000000000
0
0
0
0
0
0
0.268700000000000
0
0.209900000000000
4.00940000000000
0.126000000000000
2.47700000000000
0
6.04560000000000
5.22270000000000
0.293900000000000
0
27.7353000000000
0
3.42590000000000
0.503800000000000
0
0
1.94800000000000
0.209900000000000
0.386200000000000
0.0189000000000000
0.491600000000000
0
4.05380000000000
1.75280000000000
10.0275000000000
3.53500000000000
0
25.0918000000000
23.2898000000000
0
6.71310000000000
0
0
0
0
19.0487000000000
0.423100000000000
4.21090000000000
4.92890000000000
0
0
0
0.654900000000000
11.7623000000000
0.188900000000000
0.537400000000000
2.20410000000000
0.736800000000000
6.03300000000000
0
0
0
0
1.04960000000000
0.537400000000000
0
0
0.209900000000000
0
1.17550000000000
0
0
0
0
0
0
0
0
0
0.915200000000000
8.34630000000000
0
1.98370000000000
3.74070000000000
0
0
0
0
0.629800000000000
0
0
0
0
0
0
0
0
0
0.0570000000000000
5.25180000000000
0
0.965600000000000
0
0
0
0
0
3.26750000000000
17.0356000000000
0
0
0
0.776700000000000
0
0
0
0
0
0
0
1.79270000000000
1.58700000000000