110525.41346181836 10074.428963948581 1.5401184019679057 0.13718868107853943 1.244711972755606
14136.160663781926 5837.512554377961 2.748743702437489 0.7136648664661818 1.842865147748205
126023.90523272972 6643.741749787663 1.5778843318204068 0.610385584959755 0.035639852089872734
79713.86887161768 10942.47758517511 1.3715233345951217 0.04077931687772893 1.3489620783162124
193049.1336088567 13440.612906825556 2.8449554362364067 0.7186236460211327 0.5978965512321209
114558.13245820088 10461.210545732434 2.9580574650639173 0.493104814477781 1.070662580182667
22297.439452955867 14290.191957012703 1.336370616646935 0.2682786358346965 0.6898202753441779
165201.68820320317 8548.152477180101 1.1424241350248774 0.2287878232765888 1.7773701502412573
169075.85456632843 10103.015009662935 1.177206634769165 0.022427455265380338 1.9896281327984784
131764.92760137838 10834.326406628392 1.9435297777553435 0.093869651649352 1.5549897649793265
195538.1657363489 1316.7293844031078 1.688373262327927 0.5903463331407962 0.7046546320403134
56010.85570907443 7292.411646515042 1.6763662179179755 0.48685359668021105 1.9612194101391185
142923.37649594984 10067.175120324879 2.0802888928180234 0.28670363568285 1.2613690109170688
30547.293111883366 7893.7640605163815 2.0272573127471833 0.8666081614537281 0.17042223796745742
125088.2771664271 11240.527375561815 1.6663477726810525 0.1017795725880627 0.6132750561815424
127458.2357931339 14042.231733085544 2.4967288481631527 0.5605897479276211 0.14568190172936712
152476.34581919858 4790.5146968098325 2.6566734877085962 0.13380969350559888 0.8453810094819204
137540.27969087486 8826.245349209152 1.2710066762377905 0.2982570209000355 0.9318113041766435
155418.0093544278 10995.492137526502 1.0094341617484601 0.64485347408902 0.08362324704555207
180510.9899893966 2561.4149217327467 1.6741194405275406 0.13843010177131435 0.40326234318593907
125350.12279515888 5567.460870875358 1.3928293843579826 0.434761097440495 1.2785394138274642
180185.82174300775 8227.524312888923 2.1641835454724965 0.525259635019179 0.14187615360443095
14297.571044996212 13774.618151623403 2.226364835868246 0.6247539960523109 0.6246840327393272
154980.7934928251 9123.54508797104 2.2748317563034908 0.401931216952497 1.0293262324664665
141030.79014892486 9782.795051872601 2.717903100036808 0.9026991511697919 1.302466098935779
195811.4559927291 2866.1980377766076 2.3354516693726675 0.9225608816826186 0.8555441489642422
54795.23553819079 7468.112362245391 2.386974787323979 0.007596348606320349 0.8780033096832274
31342.68435731293 3210.465234244118 1.501713637241495 0.9927588614598303 1.693440007649464
167419.6543484372 10533.435647801647 2.1678375886076378 0.9501031645381807 1.8122966352728302
140463.4674860032 9617.066541918533 1.983279790730799 0.6752690489541568 0.48745544833105225
65257.11557419022 7059.8562332383235 1.4219091249765454 0.705569665976775 0.6769449637818707
46151.69101098076 1497.1596751447469 2.144103946423747 0.3882632629636832 1.7947049111313833
137230.83767135645 2101.914022021278 2.3535459715043094 0.44042392795374846 1.6489545316290277
19868.739089007227 9602.52799551992 2.475081916576877 0.28364850287171606 0.7344950579247084
81915.60450993512 14552.517176078785 1.9901068801957216 0.9657637763194211 1.085946006541004
12905.043438900046 13322.502790497812 2.08589954932435 0.7029839499331504 0.13969484271986582
178164.8886991472 2181.6314950629367 1.7988817236605832 0.08766462001811247 1.591226541719382
127804.53833140878 5367.973977897751 1.1137616675889197 0.1229393696859806 0.7560664412132951
108845.54857551192 9409.872666353078 2.5830981543756115 0.2916778203300569 1.6428828621687621
35467.18306698812 4841.67364250079 2.8529342807298574 0.3968173061876801 0.37859280139721163
49479.562477757434 6407.998171801048 1.4980354741951225 0.37074911906088437 1.688353557769627
21336.066109363823 6189.802202654807 2.086908666104726 0.9180368239601184 0.595755470308432
68052.0363411665 2920.511308826426 1.451654628838626 0.4211403379778407 0.4157671892185054
107806.43220125804 6750.1085016213565 2.0144293280218486 0.8945369264545578 1.7210470156375102
73472.1253629471 4713.398770235039 2.898314541776955 0.490312467138284 0.1957131311321534
127397.8388067507 5739.779379284006 2.654934606938001 0.6294901549795174 0.4672812151383947
177601.60177718932 3013.3028597262237 1.854177632933923 0.0339283645099966 1.951483418701408
191855.17174228275 2270.946201019924 2.3403481230717627 0.4291128250375506 0.33598295571560943
90391.70068152244 4856.41475466816 2.0347457562199844 0.54468134550399 1.8527516993906172
179705.00134114738 3280.3003101228505 1.3987290683861935 0.9211059855760871 1.1670812570251166
59959.237178964075 7783.306142329415 2.4784960022502496 0.6803688751797713 1.9347951025798227
186344.24902429042 1248.3252783870407 1.518845738675668 0.8018631066420283 1.6642311197265376
46492.33144408992 6267.875750804302 1.3656269598556259 0.5741539455878565 1.148163672405133
39003.388599823986 6047.800811491807 1.2344191344854565 0.5094793575394619 0.5276585352592534
194751.99673223743 9215.97398113676 1.4890136559947706 0.21362184699356324 0.43291938308033917
44824.54687881529 6674.753193212381 1.313292913514069 0.5876781668080286 0.1677488428026696
49807.39950364126 4216.831674555931 1.4563577848912421 0.9680789707703651 0.8354494450304243
69593.38120684263 4025.2386020565004 2.650536496168903 0.8714204288784533 0.3377974422554281
92999.40828500132 6591.612999327532 1.8625519308050142 0.7359674889996772 0.9795330554764353
117803.95014964968 8728.603290583258 2.4559525776135267 0.6457510890262013 1.489337983414235
37002.329196516715 11183.026708883637 2.6202018932208975 0.8433144412736192 1.905007021704558
116277.47920803205 8930.220243003005 1.109749013848354 0.27022409632894856 0.5009314353752395
129512.51965670548 14144.138045487975 1.590984652809571 0.208300335940352 0.7681131711423057
176170.10993370204 7279.09265012515 2.3921006621041383 0.696157125638958 1.9546124719628486
18597.92598583155 2846.152788755965 2.2143438011042207 0.5973822997027878 1.8916071042843439
48819.733795625056 10242.331514880596 1.7196614253880598 0.22969198522277906 1.515885308440903
144247.09062362261 14120.582454978243 1.650072625471355 0.1519436951711874 1.164734271192439
140586.48166251575 7454.783603692025 2.294304557496002 0.8582385517379008 0.8975547815029077
162035.06233916743 14785.690024714873 2.8935631001899327 0.10612500112119304 0.7205190434078652
32170.29196939389 13282.311741610367 1.449913122014112 0.19921699296345968 1.0924305099628917
37713.42935462807 4986.86010601 2.8202674865739183 0.30366196264371537 0.08617187970383612
134594.20153254597 3364.269390602058 1.6435803998070506 0.5492082668142155 0.17855738706349578
162222.80166601413 8078.614821899993 2.6833912048869726 0.45651360951731873 0.5984998593333005
136036.92893615982 14982.031246213754 1.4613143067056726 0.1464615041025627 1.9327981448214722
87335.60117936795 13644.789745252625 2.060495679969696 0.7700262727712691 0.8572158463739358
83335.72300693608 9044.258002752616 1.8012197441914615 0.30991686731020807 0.7011277317766051
89094.29661605987 4221.95958896003 1.8678969100352742 0.72434956295236 1.9258785877025582
168192.30309050687 1829.6406868424428 1.1416055229915332 0.5966953027474959 0.5886239885192033
10414.661966373309 2276.468767538904 2.6680373686919774 0.42320112223010287 1.5996518642851594
58456.973707593825 7590.952444720357 1.080415314366956 0.23337459611160274 1.7252344019023014
46868.87724353467 4447.3584134161465 2.5493548965551427 0.7771351624525115 1.7157095669432625
128257.71197414072 3913.5916902542035 1.0299752012623524 0.07037332958667826 1.4594789142285869
131958.35215306777 4694.822411034675 1.1745002894632655 0.978762205203467 0.3677900003847294
23108.643118919652 2485.646796123422 1.7024300571554516 0.33353593083690114 0.4306738540945805
192307.15902941301 12695.70460764125 1.492194131074703 0.20949203758686094 1.1001819515728588
34031.913860572604 2808.751705580199 2.9442806416429543 0.42243769849694196 1.1701332091974144
187177.20570825884 3192.353334288585 2.894496532010141 0.8288955442372656 0.7761235056802129
93482.74660487165 9293.185935655689 1.087942177700138 0.6053664617102485 0.2506557539536803
61266.319217966644 5268.987583919614 1.832939564862509 0.740569202676762 0.7943206100755744
130733.42295799287 13131.843521926347 1.1648158209395625 0.4913990063834253 0.42488360494756705
184251.283902232 6554.342157072764 2.6318788921230674 0.09233331993789241 0.770269948566954
150364.8700863178 14425.163171741173 1.3722383344265447 0.9669335968908821 0.6383829338103171
69849.66041349783 7506.791610688829 2.932499163967364 0.6350154235351252 1.4049158294424984
131287.94760061454 3631.195869199192 2.349579245224048 0.10722885478942688 0.9613741459717545
16501.444355183994 2526.2525417198212 2.8558523082762255 0.7373312946326552 1.5017410886110416
101224.38604808027 4824.098191542035 1.7703392320459095 0.07737967562115244 1.4946224743247722
61692.891611743835 10415.937000895461 2.0958330583353084 0.9403551015522729 0.14276703726494147
26144.362018837717 3052.158581528987 2.937007735797319 0.32926521958168037 1.923845971331021
55615.213412831465 13809.798200347186 2.9795676402254108 0.13138698476324887 1.3311077207207935
106082.89845736316 3547.7329810210704 2.3332565615874112 0.47576643393915086 0.6672403389407865
116752.32049818832 10035.833201978287 2.36002212003106 0.1618652482769438 0.38965934421176934
144437.46796810813 7238.634865558302 1.722956390880102 0.8274116900325206 0.7299334466638457
132025.1862519441 14206.120448811314 1.1523436212544702 0.1707604078847202 0.7871008063697221
167847.95072004665 1616.8378664406341 2.250433035775238 0.2264463813070414 0.9654282571606838
82344.10263422046 7400.685072527595 1.2997730517151815 0.38048968795314037 0.3909578552662419
23112.463567535087 13875.134961583932 1.3150193645584634 0.031554375337836484 0.18028288231625306
157750.46944866225 12877.231301016243 1.4331664818092653 0.9398610504948527 0.19035299618851018
111854.0480729444 2391.1122370338753 1.3506667194241946 0.9741916915587611 1.2401967565559433
32359.50056408883 13411.197941728047 2.9719834116183836 0.2629803141476022 1.8800781977103445
172480.31254930966 11638.003926385294 1.473514950024936 0.2746990454179112 0.807103359420702
104698.64820969303 4996.730199442027 2.757189718799364 0.9117407622897556 1.5499946843933852
89452.12685465754 3293.0158929121944 2.0027966453440498 0.44355547381487354 1.6809109832320925
13120.116802964276 12041.990225546382 1.8944587900324124 0.0675733575705229 1.837087167381782
189816.8458837518 2985.3320865586684 1.295316433429485 0.25047546402065324 0.5786465283606284
71679.02602054169 13976.446192083757 1.103371176716704 0.2212379822284569 0.008596348997299762
132729.3856790005 12816.931855411129 2.3118903312878043 0.4746513137310914 1.578478792752326
86233.66389333941 2149.3284747573375 2.1276045459089294 0.17981450120257628 0.6516589256986349
156599.59851738618 12843.775024687604 2.782339067072935 0.1599632575627365 1.0123823784017707
22553.586082884394 12856.660325225464 1.8085981664315536 0.24523071603478044 0.34968205410997216
11253.57319662924 10090.420656722521 1.2315014690626158 0.2946796375758116 0.7815332954389584
100957.91321396462 7162.388385960313 2.9498779827208352 0.024032110129234865 0.15894836966446252
119464.9360694004 4190.092761820233 2.280390261157591 0.9321732782601451 0.637612176269859
48602.7855204279 5958.413247523473 2.2684261859981536 0.7454959125476011 0.0502411372350538
43458.14059222746 1996.1415566646292 1.9262522425464939 0.8571749099527709 0.20776677432624435
74209.94651797449 12307.98185799606 1.8693334079998833 0.6995900097992007 1.7422820773449783
43727.01691011431 11886.958901204474 2.880513639955902 0.7886617126813168 0.06640811374820303
198708.0006245608 4593.366830488816 2.922265844605424 0.8920096583753542 1.1843678208722723
151966.27615251116 12008.782056831347 1.307298323245921 0.21073880865065894 0.957154126876939
173634.6112694435 5398.734983095958 2.7092189397684843 0.6162626589922332 0.761452571514222
90026.79219852616 6322.492373931801 1.8717187919277924 0.9553462064875006 1.911065084815355
138587.3126220795 10620.851746344186 2.007423623506236 0.12607714668036699 0.35366159868779046
129901.54370905638 5756.181862957953 2.594370490962069 0.080277864189151 0.4857069279862384
106857.34264981425 12970.996876652429 1.031824829143645 0.9120805682845763 1.99283844768612
162611.64956439415 5194.381374312962 2.715639554344687 0.7627676712585708 1.483884905392562
52208.503949275204 10432.640024298276 1.3910824149980496 0.8508523098815002 1.815915402774351
27214.3052020236 9643.685690998627 2.111352007008997 0.18588837019643298 0.17524935805206546
185498.9408812137 1154.25995598491 1.6586958493411061 0.3669266207240977 0.4412020504040269
43932.78683653739 6359.550525276062 2.644622547570463 0.13284344102055917 0.8103050894444838
156811.0443413777 10126.14165641207 1.8168492868597097 0.39891669342198427 1.0783297097613052
178961.7860719469 6516.734918419865 1.1074680221102535 0.034180226093672425 1.968797616547615
88654.03720438675 6603.1906464193835 1.8535784487780482 0.9947231596077862 1.8201744291246933
121772.1781390008 7325.421672285579 2.1529625770721434 0.4896748516600579 0.44734526521568696
87882.87147174244 2168.4004434200215 2.5149744385356096 0.18208110457145643 0.4229494616949068
132278.79736506677 12028.497371268337 2.195285008008006 0.7486396176068489 1.19113893837885
96424.85952025151 13381.458532486258 2.303866670790275 0.937159560105466 0.5569190896092692
64154.55793279659 3176.0990514168634 2.359004364562444 0.012269527482830918 0.6404166909320139
112081.01308925122 1898.8229826303825 2.858896457686668 0.8367983666044033 0.4709009096299934
92615.70477709336 6620.16596170005 1.4699784701357392 0.07291709523753656 1.9201614422521904
148750.57064315001 4600.398924492264 2.6758307536678236 0.5088960197163123 1.529702804797698
145495.45631059137 3462.4767018062885 1.5551847126424478 0.1672028749131195 0.3760566490931571
173048.28797982528 3590.530960350545 2.5898040759493908 0.8635113942231571 1.8450527144168236
67431.47064795191 9199.942603610138 2.2399950434272733 0.34972017985205345 0.6548547370009487
134760.81316217344 7371.510482872406 1.879022842429004 0.8496451749692774 0.1534030435907616
134132.07292757556 1704.4103463547142 1.9524895377966285 0.8569691163360499 1.1812057066892028
145270.79560039612 10396.675435447542 2.762809319682342 0.8237984341758553 1.8946820748433073
121622.75134063262 4043.774258141815 1.0273006722855682 0.07576625963841963 0.8154139441937698
115605.39828429461 3795.4285814240548 2.737862451103858 0.6918583133567227 1.366896054253054
133504.20201282098 1327.446294562733 1.1730404706292088 0.6792940672124643 0.2887668199366458
12204.105921249928 14769.92872520134 2.2120726536769513 0.3301625296219809 1.633943680644654
21755.66333469824 7388.995781060768 2.601213449863047 0.3049206360992817 1.7264446322466542
96047.91961010323 11555.63361254754 1.9447528488736272 0.5072567925222768 1.5887507945605668
73337.52539868967 10226.751596125656 2.7241838144575263 0.6877026091929598 0.013537057142741641
36149.751682652524 6880.754132825777 1.2181843073610952 0.3867991072361259 1.3700816702510465
75681.93582545297 8095.357019607492 1.2744682113315868 0.6257803516132372 0.24696530471767253
140301.98762326574 14573.498155061545 2.441014077068998 0.3404776063357382 0.5326475897395082
197284.64612276902 10726.686982595125 1.0216894753119623 0.3138899474375574 1.7606699221213327
39703.113531431096 12788.340672677725 2.822693397483027 0.17705622962095677 1.0531183355126406
54356.94742638489 8152.695164882757 1.0938557804893945 0.09128270842774164 1.5816780504562469
42036.677361285845 7990.326946143762 2.300820146114524 0.749364093710227 0.8694520159403055
108173.42802693868 13451.155860732215 1.857177815014483 0.7263095945207141 1.5626307822083243
158245.9696297844 8317.493860673949 2.6941371911154057 0.5399958394636067 1.6216079082772576
70992.73906122 14166.558075785177 1.682784933103788 0.995565985230299 1.485590363867247
78348.42155376468 7934.0647825857 2.1580017292611524 0.40373894423117174 0.9725883358443498
105153.2646627072 13300.182838894247 1.0540414741658264 0.8752394873442902 0.83662992754661
42244.273057462735 1177.0208163438224 1.752647543519647 0.20543563999002282 1.3853824884369283
101425.50473148894 9421.155258052051 2.8701159613546103 0.9499076606436367 1.4093212176456191
160762.7207940724 13224.904121699185 1.3274566320254473 0.010497846615658469 1.3990594475954896
84670.4017987128 12867.40240331904 1.0022823393680245 0.06238011345962913 0.1229801090742346
143168.43261088277 7602.969902982573 2.4090925464862303 0.3593344016463982 0.06151635497524216
152557.31004582156 1299.9578512369153 1.9202834191167149 0.9165527201308145 0.46357352440370536
135539.73114301346 7075.7239997852175 2.378948459681739 0.49955386721878453 0.32638238656738733
14375.058943528427 6109.9025461483125 2.271230811425273 0.13077096087368728 1.882081466581211
18930.962153454246 7704.29005256358 2.8085745783966476 0.0410583819468244 0.037155038086149735
29410.705796987982 12349.388308400044 2.8064352000239667 0.04282102841677972 0.9131654526406325
168504.8913227631 2520.3518480311072 1.1859661505856178 0.08848926819936877 0.26074393043466665
125699.33443392481 9891.567636494194 2.3758205446325453 0.3455669578193024 0.5931402677067745
113671.72929725524 9341.446231988972 2.4699873132407903 0.9009724886171456 1.6682221787658074
117551.48628182006 8629.636724962449 2.453532946877238 0.1881887039068091 1.569664213423823
142581.91371951913 8506.156601119794 2.5570264777760183 0.002203882328163782 0.750153348697605
34637.235762038625 10844.514343115341 1.759796895639361 0.4962134431205721 1.5125706569909592
194586.3047474209 2572.0893686201316 1.25708997926642 0.34178614009482633 1.2470994939380478
16681.37166409799 13493.550744193086 1.5039003954127712 0.652177749021669 1.5848816179935736
72631.19091516458 1418.58768344984 2.1787648571801888 0.9203445283684121 1.5645402980693661
58376.575441948 6969.196461095637 2.828806269340334 0.09806973112892399 0.7738736264185292
146521.89052554368 1587.2073679242858 2.509508104911753 0.08626236359542888 1.9952160721471373
165426.22321814636 7138.423592346129 1.751651454397308 0.8873510531237095 1.1288714725816404
181847.51748502412 4386.632202303639 1.156616529828157 0.6952228674840476 1.8896024949911892
108001.87362105066 2044.7660039486263 2.5027495531292114 0.03503222100754096 0.02538192761760771
25263.703981764353 6061.4952019098355 2.2896999052534075 0.6388375123919404 0.60099560521081
142362.26638295548 14863.266413155921 1.6264852882188496 0.7208334440001792 1.1188701570751876
159920.17848482975 1745.1672772545544 1.3889625340827396 0.8265127867412291 1.1600317504473354
158411.28300484054 11811.807929802788 2.554941487991732 0.2039362436310465 0.37179706122613415
99351.24308096178 7572.318324574649 2.0970946154918098 0.2371971523544157 1.6584024340367984
107655.35057339097 13665.754737223218 1.634261515974738 0.5349274195525733 1.607256153927473
175505.4034113639 9398.767181713407 2.3629234695441923 0.8386227984552621 1.7116696500218198
139773.69601643027 12556.402285136393 1.7824667813399824 0.747566518645007 0.4955366569116767
155603.8459661455 13633.095993465578 1.7923860212480591 0.586943958475903 0.7168237301737276
138887.70573907543 5181.580020915447 2.777160071051477 0.43768290668506116 1.6956453335090655
81242.10193215586 8612.304558693988 1.4008325169475069 0.1664604021950551 1.3115932728114164
179984.75319454027 8361.318500940548 2.707841598171213 0.2276371189257337 1.592980168666588
148394.15087515485 3668.1142594474068 2.0195496485287388 0.4836686304247268 0.22952410036193993
140819.23770106974 10376.33626699995 2.2102739798258773 0.39117387151858746 0.6202296286375678
184827.10315900313 1782.6895334205356 1.7617979028372308 0.3938697406756511 1.8868973914890608
182966.65013787177 9689.678152907361 2.9247752396744207 0.27806216716201965 0.647690760063869
48043.84465175918 10569.763936736947 2.947100688125695 0.692338949966153 0.6527821664980638
64767.795985395256 9848.65301492861 2.8431671251057233 0.06815815516308928 0.9354310628559539
129744.08387269542 9570.196935038603 1.9172505408621476 0.038290005561795466 1.1229305983309439
149238.0462356246 10962.507783605595 1.0534370382553366 0.8474544841949866 1.1934156071881665
198945.29636272197 9462.916484007343 1.8512402697032049 0.2340643123757438 0.24494908376468047
119823.62319335075 11054.514092395057 2.428555817981242 0.6499273353004439 0.8880179050645556
79019.31829444313 11453.175313647938 1.5609267570234162 0.2631379434532349 0.882432490902857
71872.66521583158 2894.79592467744 1.74252476104258 0.7045636982035275 0.3571053812239133
34154.993650542114 5447.735649435633 2.41553109121985 0.5666040618846674 1.8780886519226885
70619.27580642104 12634.425898056157 2.9035833117197307 0.4283937210665985 1.8104607547413456
127207.98057946886 3574.574646606595 2.662176208195617 0.9308030163016436 1.913372093486996
31687.97157542192 8197.575933544398 2.4203005457113633 0.7273958997201138 1.1105279408177617
155170.63954565267 12212.672103271709 1.258825397937593 0.24953870947989923 0.48110213135936464
105799.02104596047 11291.431849008408 2.0500991078178825 0.32118165025097895 1.5738278941895472
84947.00809850203 14478.918317066307 2.203491934061182 0.5025598668655871 0.12845653740840027
28736.72803530605 8404.744161754918 1.5046586293283335 0.34357847528664176 0.8175082010900351
171442.14493219048 10135.935568254397 1.6617159547564864 0.1946752205898837 0.3933245697368575
125295.003672721 6668.8094488634015 1.435022198429688 0.6664503183218679 1.0639062409870783
117936.97573774375 10667.801262485025 2.5459247249242547 0.030957694543956086 0.43836848097035813
20180.08363262443 13271.96925042525 1.3751817450166168 0.11015575418413699 0.9163510805964048
164631.76840449523 5226.650285941286 1.6104362030745285 0.006729841745191846 1.3589545441161925
47138.63731513028 3420.382382084069 2.220268398570388 0.8522202468947762 0.8011321416918079
196299.093059735 7303.269553982291 1.9543682378312264 0.4008677975953447 1.25596852459374
57728.3125137151 13421.985847763845 1.4091795535423066 0.7941257988631432 0.56241730154437
54560.51579222062 7196.068671281345 2.0735593037011246 0.17239627847606998 1.8094913019822023
117346.41256745796 1141.89276042514 2.699241093156449 0.07981272567905777 1.403504288278312
193282.9395588387 1858.2984002299386 2.7438020807715566 0.5918007008261574 0.2667883491198371
128867.8710895066 14530.160165049216 1.9234822546039867 0.26693315431678233 0.2741959524146469
94404.97175886855 9071.203060818178 1.843372758754259 0.09541266725685196 1.0686087697263904
36642.15001566426 6263.21435537348 2.622129638501656 0.9862836024608079 1.877145037077407
137799.54533445343 11873.6783661363 1.0615745047019474 0.13598329342979196 1.1472566884135806
163876.31932221845 5113.917506568208 1.4708404683124383 0.8837429284805043 1.3964719984595988
80112.64040873385 2478.2490815330757 1.910858943059488 0.35487372132679057 1.3210854795785694
138792.81712015718 12924.079759606751 1.897201582310153 0.15312907487346764 1.9576769135668282
60174.51753984333 8799.5156582868 2.148757219915163 0.04497939524031088 1.6359231963499272
68612.49912739484 6110.224443934132 2.113821744421074 0.013971091227602647 0.983187911015315
36280.32320228067 4099.327235253899 2.7900897609038955 0.7794336488281592 1.3013475449269487
187418.88702736917 11835.186518143864 2.2603446620022085 0.6571880304962836 1.3098429887475296
165278.8733623522 12621.677502959375 1.4585774700938603 0.41798927258150476 1.7325754117440777
97819.70283417174 10919.736767280694 1.5574369910617436 0.5248342868941192 0.6864874521860678
54051.67519729219 14829.945140409265 2.818798774477212 0.27923398226217955 0.22095943976692087
186600.41076013522 3069.6738596334353 1.957542907634547 0.03941149896364062 1.4619366383185641
141208.22436214244 8652.114215376017 2.7816213433284633 0.005753633477829639 0.21655992074740518
154816.22671767333 4580.301571125305 1.654858933895546 0.025285842665592938 1.9820767076051704
75151.16063028 12410.516418527432 1.8414778556597837 0.6749488855511911 1.45492651428072
193954.43941616046 14222.88671061434 1.6156445994304642 0.3318911218923278 1.8033130017946353
93189.83105905523 1044.7753290567077 2.697337540417469 0.3056164973478379 1.7918510538860697
33386.37910219503 14944.057579225557 1.0644513577772297 0.6477803449365643 0.005557806905480965
33716.783096347535 7128.512363900831 2.745816032099441 0.9286380822040097 0.007756152257105886
75246.49267096419 11046.959253467945 1.0858858530136557 0.8115321884915674 1.9366512136603082
190179.88141745547 14590.198773762932 2.8662196693977307 0.3104688645756253 1.058626012574247
62166.89100680583 3872.068290247562 1.0075890321215852 0.933479754485823 1.0838025406479452
166883.9823593147 12765.27284950996 2.41961517551818 0.7294316684324738 0.7449053100651098
151389.94900996104 9235.113670644361 1.4764152766860645 0.3970973177306462 0.9116785886846466
121428.63980348269 11466.286555927438 1.4379143823565896 0.287914464634591 1.5474551800572647
45007.64249980119 1266.0498790785837 1.3280061752605758 0.9988031642598477 1.281090608463842
69272.77241902114 3331.078042024234 2.3199040059838563 0.4780017242767294 1.2895135545605931
99582.31352678471 12180.305675808158 1.1974788388124078 0.540873239028043 1.3055735267793787
16451.615784030528 9675.085495977826 1.3552733695184092 0.35841755136900555 0.042201187121824135
57592.080867431396 1890.0107349467473 1.440647378638709 0.016415602068739547 1.816808837195413
83526.08152773826 14174.190517672892 1.6566314356047025 0.6074059673835231 1.4370334628890213
136932.00180950592 10172.527942729168 2.5464156463573016 0.5325969404411496 1.702931113977256
151717.00750406407 10577.857008945417 2.8482028124836267 0.2252140044589193 1.2569639287621837
111069.08723379792 2939.146372204795 1.20208819705114 0.11329304654836811 1.5601031997329935
93632.9405828209 7254.644456060509 2.025759012543618 0.23926494378981727 1.2835397031148166
191499.19728750264 8640.664030985303 1.1007463242727966 0.15247790425843358 1.511611494992497
141932.739205462 6738.172239047442 2.5233809251529666 0.785398583885082 1.032755529931053
141721.7472194552 7010.456840031272 1.2242320836829879 0.7969105515885129 0.5649527885099132
184559.14811265346 1205.3787589768135 1.3208615662685412 0.5755375958611564 1.7501456367556172
50940.03379779301 2220.526601772469 2.629800192241242 0.7251735988894902 0.7230805261415814
40005.12357562914 12721.598654903528 1.811050850872193 0.6949912133362092 1.2910851764113132
48221.74590139563 5592.471307432125 1.6002221472844962 0.9815992743760344 1.1888705971108662
174486.31733092738 6633.2177992614315 2.0703317409734785 0.8352953070318853 0.27657417658367744
161902.09347872823 9965.625923649444 1.5527426832243927 0.296923443749678 1.5370457545379654
159274.02226063242 1738.2264483033516 1.617414277391951 0.261251906636274 1.3126216568860678
42532.29903364747 2690.6553893295886 1.4850868682413245 0.588566243908768 0.6262488864283532
190995.6515549049 8170.391218345004 1.4383878853578933 0.9970406128743592 0.574597090176256
65600.29055185843 3504.417227526462 1.0107494185776436 0.36175247448058095 0.37312305095321546
66874.31605840877 4747.924244858272 2.0433962458814 0.6046272626863187 0.9094976007073277
71322.71370246322 14990.484384494353 1.7848819767617075 0.3347155330394077 0.9055364665747396
151223.82659900357 12226.262345548663 1.7060162862978188 0.8392898208533863 1.4565503399485331
78785.06116591475 11646.256355480078 1.9355082364346403 0.8002099504227792 0.3047578181089679
17400.16136996868 8295.950553640094 2.130320703335216 0.4662750109545329 1.5357612944419385
151764.59647740654 10329.258074685158 2.122040830442104 0.7515220891892348 0.19901637179756873
67713.23498360475 7913.029292285025 2.956706992838206 0.6320464164691574 1.6290921335864554
114010.67972453168 7803.848155430158 2.3390695375287374 0.37162947520915 0.2865299027190676
32526.355261579876 6242.952507097259 2.868789669392833 0.9584755479194439 0.2230110413512607
73926.74598124382 10888.482261372332 1.7144211760012993 0.8918252349201047 0.829887451168135
21811.491954480713 9767.599279466414 1.7008292157236697 0.8055809321705962 1.8233497826921619
25438.6798463524 9313.324581398801 2.6536283535965444 0.7311140132492051 0.24988646203963893
109593.44104611632 6483.034838141219 1.3044971059330492 0.7721268942782075 0.23940688056670503
90646.93719384361 9936.60220998202 2.5119665345169486 0.8211530914704912 1.8664344079408823
156466.88121428297 14083.67089228122 2.343240618648248 0.3642758799375078 0.9927694066824089
193492.47948191286 5064.376789419711 2.5625706133477575 0.7195534397245578 1.1940449634726258
10308.536301752281 10342.962989541998 1.5723098066624857 0.11925958687750882 1.4803796493869221
113298.47378853303 12686.731141025191 2.433199780428591 0.10096989170792552 1.5051229791101113
181547.8796859325 5488.396420870026 2.9911489141392353 0.5005190122478849 1.3424003768522024
188199.64191739002 7557.29612087826 1.1359234974875672 0.18338781185887992 0.877590332269876
40616.72557536942 1124.1377247506257 1.5076357145854418 0.7237753052130766 0.25795388611718434
143357.31403410053 3507.5233446604416 1.717281211175319 0.6637804433781039 0.8808527458452396
184704.1528349531 1067.795484268133 1.4794150688324517 0.13699829460688526 1.8552051564372163
103460.42806061298 12199.684042560844 2.9098107816648064 0.18668216367174117 1.667446947916316
116041.6419428655 1460.1777835190244 1.2772304639245722 6.80765990324097E-5 0.17715066262938095
143480.5140905315 3429.670387982049 2.8014374235373687 0.4527572389907935 0.8198050558123493
23963.11563538318 6800.608851375239 2.016093512863377 0.6641501125377175 0.698057962004349
171922.76187509176 9363.056841456479 1.8248539741519314 0.09634351165165099 0.12413306945711072
195372.84700629688 3470.4102972182145 2.1218305433062463 0.9571317503643073 0.6076978682744257
107414.88381716731 5389.183672179286 2.2098912283000227 0.9591011532651263 0.696048314588463
10182.285836218853 5558.919591888687 2.539919061735352 0.43836622516680923 0.6800016400750873
184038.04787927557 7824.846590352664 1.167075064480126 0.24685137431851234 1.432400411464635
129231.12656332701 1073.732085873758 2.1768176068135188 0.6932317297621748 0.7901152304046853
64488.16055115157 6309.781382505812 2.797119057116416 0.8414219915721871 0.5314584062311125
76836.97738326363 6227.702113327474 1.6248835907110135 0.6539308193959829 1.9433128076379786
156241.03405381262 3771.248298119405 1.836427553398471 0.8201675675311979 0.958059371291179
70469.17988847548 7723.100005682563 1.0478420288085697 0.5580914342119175 1.3891211949732098
28088.569601036226 5884.855620170926 2.5331841109005637 0.14223221565087124 0.29542120956268936
177810.62025818878 14459.614812010845 2.7030625505004373 0.1891280004263901 0.2831777492105856
16034.024629607235 4194.756655886241 1.1221128398724238 0.07802954577187558 1.5090257405139507
149951.16405893842 11322.300796209 1.8476971093147858 0.2737825112792681 1.7672706520411325
57495.064487184165 12668.527999615977 1.2063064522870328 0.42575275942598095 1.2323905241562825
136599.3092736815 13466.218434590193 2.004482512143028 0.8068792948445809 1.0451086233644526
93799.43771406497 14627.948060664396 2.328831248188394 0.8027731199041822 1.1408652512480462
142738.919505341 10362.602470797594 2.308611143189916 0.18406696289771635 0.065422242207273
128972.29561293329 10483.72481750658 1.1509652259855594 0.8483655391887062 0.9983888092798697
131202.09072813403 6832.594252340267 1.9029161637032956 0.7388949038257748 1.3646859300397773
124168.93657736942 6021.051952766803 2.06640196255269 0.40240278491472836 1.145311166238442
67802.40774988566 7115.213627754121 2.1821387558347407 0.7915366130319872 0.4772384681129756
86755.36186939967 9567.164486609112 2.2734334540060885 0.9413860110511126 0.8097135162469506
37253.86800649621 3297.962278795095 2.7004691900977256 0.7093701834388312 1.6991182329203525
54139.35708919408 13053.057368563466 1.091650826680076 0.5799862406780258 0.9430867095055756
75861.32766487548 7884.879423939848 2.2779918222856104 0.9883478562924938 1.7083849015337522
153958.11871245303 4008.239224406282 2.6199351638504487 0.37965816355256266 1.4381616173774836
126569.47202484874 5723.667474315473 2.4054565236476986 0.9858775309785616 1.8304343080435368
53487.10893233552 12385.80971342431 1.7397815534700358 0.8440778482919653 0.823751584319299
106158.33451424242 14374.056180300724 2.074117581201739 0.41307676335494053 1.0679202196503583
108311.35946215027 6957.529974250761 1.9880069596505767 0.7169377446098266 1.6080677852053438
86813.63020801902 1661.3775533129947 1.6052244302000511 0.4267245850006797 1.583982940232234
18397.362168644406 8856.247594518167 1.2286487187197086 0.6417898030441609 1.3527266331805752
132524.27335114212 2719.843033037884 2.917514730655699 0.793760571627611 1.8704088181407525
94030.88626200317 10322.839393471117 1.8829634605173555 0.38945306485093895 1.7138192733180218
54916.41163519902 11233.538371549243 2.4661649921352997 0.5642290315510836 0.6850816889089539
153537.972476614 4814.818364470835 2.740382655048112 0.19780336847892963 1.081401781872969
64535.77436386742 14233.476612499606 1.544681544288643 0.6268040714893621 1.8279197525310902
76651.8240897164 12132.88274695627 1.8316713738889105 0.541647657260935 1.7703380508795277
87907.13619671021 10207.22077174354 1.46577501596159 0.9051607263791878 1.3952615528029844
26197.739540039307 2091.690762993282 2.1557446993175207 0.767701399489248 1.5312915269783827
63541.766671412995 8878.529100738626 1.55948607175047 0.16579119164073938 1.3753085001027103
68367.71878032936 10600.013389478221 1.585512347088818 0.15706706360178257 1.973472248796322
45729.117248970026 4752.676178964856 1.6477185892760078 0.7957308609403908 1.2269675993094724
41279.88600779917 8270.635640898345 2.597554027577232 0.5372304012261908 1.3680093176970523
120784.10594211283 9157.261729562648 2.4876549154316807 0.34415555210470083 1.9972851560798006
81594.2505646836 6984.233454478237 2.7343794797088825 0.6843052865864789 1.2429158571272083
179368.50810505386 1679.4711494853868 2.6045606847781535 0.1933133861305161 1.0466845201569086
101690.99082212291 6533.423587574915 2.1991019429005867 0.35072387454829423 0.22772615226454337
104415.94417320479 11277.605899620712 2.8781736004216687 0.06654707145263376 0.622956210798485
106367.76813624546 12904.168463382384 2.5678417288331756 0.9078549799390045 0.05916490462414971
96110.82554931259 2205.789632043884 2.610109107903533 0.25153053054985036 0.31536295425730043
38569.698726904906 9806.348448279632 1.443807141294476 0.7578490940960186 0.3283313907926638
122907.6254406949 14192.983598592515 1.5742901267849723 0.1448786412382942 1.545940575760773
47770.89336894142 11923.421716755141 1.3970815852200305 0.6183189806784812 0.5817011565535309
171838.90435294824 4920.150533422715 1.776684532600592 0.1470744134395996 1.0572410945110697
146622.59297800364 13881.852276181666 2.516036974565696 0.4925596031137653 1.372997194063885
90961.6149323893 9257.810890506118 1.496676019738179 0.5147299832861515 1.2720009309612614
11962.12310446463 6795.936017826269 2.520725405648055 0.5384079403810456 0.16174575588753015
104579.09582371335 5783.144795842049 1.7563289950976968 0.2936918782362456 0.2180800000053678
107228.52058736078 8047.043807481193 2.7672380063420454 0.008750417307233704 0.8242928030293373
124679.80703550944 7086.589522259396 2.4072862572465263 0.29045432057835946 0.14678448151557708
79885.01304112148 13520.971383270873 2.769390155907481 0.8198563798092862 0.922227510540506
87574.18910277399 4934.237615924401 2.2547027009353355 0.24125275546488895 1.984230504126857
95370.00150825208 12154.217725012217 1.7549269489629542 0.3125788694308843 0.6081473465402563
27430.12562298678 10980.636516751385 1.7363869236486607 0.9843193707160914 0.04013805088635953
89418.12140634432 5171.107145780202 1.0981006988747397 0.7347381539076573 1.1532079536705322
75451.89152062539 8334.787147301842 2.3775970910367095 0.018609981331333573 1.6314115422077684
31007.706400665415 4240.389411222004 2.286991941657462 0.5123358528384315 1.3171671206371351
62346.74812093531 8138.777875354184 2.207214764422447 0.9440976680901522 1.2757998331263238
62453.8442977842 1445.7004062087228 2.219251971831131 0.5060783657759642 0.9711074687222051
146816.47943043752 9763.825570704477 1.7097385486471899 0.701830489343794 0.99739639874326
165716.67851410926 1602.208043883824 2.984656385849089 0.5158597596653125 0.9148956309223035
111633.506623046 9101.093355354944 2.8350709639083727 0.9640437606940878 0.8526230359854193
63592.02890493115 9839.959278668826 1.2466429381523267 0.7616977893649775 1.7185391674113963
164086.42528395305 11707.3393265478 2.3510396289795104 0.48458507451258664 0.8933604188236582
126367.96861524304 11969.972375024887 2.0209488865720076 0.962847843510775 1.9538182868209686
128418.73309060269 12238.452925967958 1.9790539188591425 0.6983238666050103 1.5971460735932062
116792.8403475522 14329.977447579517 1.0171458195078484 0.004751283666510092 1.80514806967113
91379.84454926029 4511.392674102384 2.63509959858799 0.8746742679799557 0.3981416667813613
37967.274778381616 2413.194861347226 1.5327724609877351 0.870465326518888 0.847183181726079
84422.99063575157 1561.9214756376068 1.4803707665747186 0.46005790267162155 0.5771615017387228
191372.72388463156 5767.541432108269 1.487545890211129 0.04915431234674791 0.7109362906350423
126943.49713012904 3585.025709078472 1.6948539500198772 0.963402830959281 0.9265659840634984
125834.75895075049 8850.09696169307 2.6475548685957047 0.374531878414796 0.10507183853333454
178561.37413855348 14302.792021021223 1.8734229062606964 0.5595874382345961 1.0223334918649256
73820.96135604574 9493.747608123971 2.4902429758970026 0.17423892928716173 1.4984733209926004
52066.44281311736 5646.643759647174 2.8041271476709726 0.20075727627035703 0.5170336344186873
83727.07196053796 4771.20940299536 2.1182550136605074 0.44169323940425104 0.7476172994761703
140046.52184526715 13951.446288217343 1.9692442384107582 0.6559539862641744 1.6615709452911331
61920.13623201811 13315.961049970685 2.8318539444227833 0.4768606595654296 1.980026631001338
34439.81934084614 8337.438259703169 2.9750812712517414 0.43052476709625526 1.4693746697066061
164807.752064886 3377.2047719887382 1.4031623237454547 0.8764987003557693 1.340517045622121
66146.3707247542 1915.9857970496528 1.9723545636627438 0.12745107486869342 1.4916507359892028
189688.6125188349 13108.492469990693 2.4358907289589027 0.8885835457095281 1.1384276706464243
38248.755402642026 12568.03290907975 1.951935320483423 0.9065531098455747 0.13574806769885364
13353.687339692795 8453.783570331874 1.3245128263180295 0.4716746932474659 1.7646345502856284
34794.635007068944 6195.119973635205 1.592759473684826 0.585405805807518 1.6453572841052895
51139.7489835971 10697.70469208119 2.2309392903134073 0.38270152155382503 1.939559063200882
123157.09560272978 5997.799543181752 1.3958627314809375 0.6504947492473543 0.8946734334901552
35805.42919705673 14110.2559434502 2.9559339249571597 0.32577923686203397 1.9147036789986926
150475.66067098235 11751.4711429917 2.9615342327589205 0.44942128178461044 1.441882014786902
59181.848709541395 5917.541664053734 2.0239147142320486 0.9040123244953508 1.7229555114713389
167036.39703952856 1808.94119458774 2.504874996670453 0.7211811508507909 1.0143337542170638
26400.509767830794 1430.408051571818 2.1175404664891824 0.7112404780820379 0.5705989754499561
103855.08833119807 2437.377552249972 1.0952243993595179 0.6653789036997361 1.3063415563310268
136215.10956736852 8914.233163162628 1.669579577926028 0.5197501369048015 1.005700773275284
58793.71652588053 12274.063998437445 1.550788153682959 0.27799778462053787 1.20892765743392
192696.19217496703 4891.761423277 1.3336087432631776 0.6147249164957294 0.3129830525687223
65072.69632959106 6431.340088857267 1.5293851348569945 0.7441750341907898 1.4264810205705438
169220.53754883585 6935.114306870902 2.8390167873852175 0.06909254575935252 0.9897065247740519
114694.845590879 9881.992596912012 1.7738764922175059 0.6514007252916929 1.4422764966548811
114446.47718269273 2020.3368337747913 1.690661765679625 0.6972569596456634 0.6161489446561118
56989.75311494277 11538.428141394788 1.3869247487908738 0.5822339482309075 1.4181044403172427
146311.54156067295 11714.41184920561 1.594980614960098 0.3998894740126834 0.092826926811736
70825.79212527035 5123.129958491257 2.3684597706768216 0.7870884270968843 1.7365870531069356
67281.62368526409 5948.435198538237 2.3552806285929138 0.824673684821844 1.5766220138070817
78037.55357935907 7260.463671727068 2.1333414016141403 0.2670364900501172 0.11479591305767732
16191.805459538293 6496.837044735271 1.3763177891687384 0.3167580005843324 1.8685784514514343
144777.43184727334 6003.073034880929 2.3208877578520197 0.8303810870224488 0.5474314720586134
63276.206453817234 4139.723201630698 1.6800638516493536 0.3559642809530176 1.4535018085541032
185088.75491894447 12316.062598111952 2.1424142793923826 0.7844830919571498 0.32596779098901457
87068.94630048484 5674.1180018767045 1.2649866137542416 0.8822430175843018 0.3805400284824937
138209.6561758394 10789.316101866565 2.8241953831360886 0.9388382106269032 0.36559580418866394
44030.61667332769 9536.230555647366 2.573326289374606 0.5986044441395694 1.9659709907774063
81769.83257256674 9959.288336947684 2.2448921562741235 0.3283473196796781 0.29636388229546157
65840.25438998619 3092.4260200200197 2.574417871475683 0.24720083698601159 0.015666388430872376
133125.6136388842 3680.3644022187596 1.6131637963909968 0.6139850358004417 0.01658956293193627
27892.28979115024 9501.674975596956 1.419174124101486 0.08167212147918118 1.135472986149371
146127.260592579 11792.04665691176 1.6488734935936742 0.8930179728724997 0.6114260779343919
95776.51260540502 7658.679898715673 2.7646818655828715 0.9103231549422444 0.333921533831574
33054.55250806484 5283.781092598372 1.901467471316826 0.5951385403266748 1.412757779102301
197740.13035297 14836.467883297575 1.5126549290448985 0.4639330084961551 1.0765253104740329
156050.00810896288 7212.571524929891 1.6936052650483027 0.7128614248589679 0.7157824369704139
80742.97884226247 7983.3468132857215 1.6023153489032613 0.9753825187257779 1.9074503556627178
198268.28244064745 6094.190598557435 1.2088379926258759 0.00366535883792146 1.42320637799766
26766.732452538847 2857.9823963441086 2.224872047427785 0.4557150077878139 1.5940743769986048
53728.5881429717 10217.519129051381 2.5184119205074142 0.914072855736153 0.2906895335471273
177040.24060930358 6438.044577811582 1.0571303266428846 0.11591247413916404 0.24133658945463987
167160.475216328 10028.425662624444 1.2841434978698554 0.9348766204183161 1.7316783675861989
63033.235796500856 11728.255013435739 1.8497482735897899 0.3817978740065205 1.207775952552219
133910.95500769513 12502.519331805865 2.920842838261731 0.6238696738542082 1.7491130011873979
109929.85267223089 2031.889416943208 1.9361406146305142 0.019572651662191562 0.1887698843349757
10703.558075071021 13744.291553103285 1.111002326949006 0.4723822618591919 1.9771811119162905
139692.18802947467 14265.046546171343 2.2848535329802804 0.6190470823183268 1.0728765886203435
105613.9369489261 5715.5506310120345 1.3419687052895815 0.8723681087193659 1.8982634580336522
130404.169141675 4707.040579527129 1.1894347776249938 0.5036293264726194 0.293732044903427
124480.31542170487 1352.8565593355013 2.3800244054649453 0.6675529908265792 0.38764298181386353
97074.8159125392 9322.339346739145 1.8297095147695854 0.9692667045333837 0.2799102647914594
73177.91822133414 12491.815154749404 1.019074684688699 0.7177672203870835 1.007095042077289
183482.87675033908 5871.4294875637615 1.1158712683095546 0.753230319685664 0.499856700390672
120512.25799058889 7452.548142224874 2.999591179793654 0.5945287758613286 0.649086378423806
18300.0351158679 9090.817969476182 2.6797488468650954 0.8086975216677273 0.3691665345359582
56913.95341168215 1695.5584886524166 2.6406615607983115 0.12345818084942255 1.2192942778847455
197942.504720772 8985.914107509869 1.9953692179538494 0.2817060006821147 1.390337850665664
72716.40536750635 14071.516207885494 1.71336149667284 0.5219444481867233 1.3277972366099846
14583.598719011427 1401.7346481408156 2.3969109669888518 0.29591279744258897 1.2522058586366063
40109.039625411184 13941.790844551528 1.004321886549386 0.8732256548003196 1.3775115965137688
196043.7474814682 2744.995554447593 1.0632925793254602 0.4772787687857437 1.0272711823342064
113404.9032161537 1464.1270433096443 1.5151828024262675 0.26598864173998515 0.5597730575188471
14911.559972191739 1219.508447980816 2.719694150409839 0.9430267770019704 1.5666115452795635
47289.67477812948 12929.808199408133 2.229889665317641 0.6333777327459907 1.048663277005284
67167.27851239222 10635.79207496424 2.585319327822039 0.8326056598115863 0.07446460077084274
109277.18569341887 8940.040022913017 2.099105484612609 0.6370850852603988 0.045352816862354234
85906.98159461077 13686.372200148438 2.501067127277067 0.3394239067627746 1.728976993654648
37855.444226541804 2822.497534934434 2.6920803010465626 0.06413507021180104 1.4453298569095268
21567.314650355576 7871.115617890374 1.2230324740406981 0.7220268331242783 0.6188850765507565
33229.748798447275 4660.9726166945675 1.431909780097296 0.8981006668485377 1.909520714722476
99201.09075735467 3825.917817475515 2.0590960881602465 0.5184751997621045 0.6837565518401896
186715.46410568972 2655.991378411126 2.055090939898231 0.7524525831267058 1.5217197166845928
178510.22579594541 12987.289120305266 2.040125546303643 0.42737970786957635 1.2235826755165053
147157.25772931648 11354.531741062592 2.483869570480846 0.6856167961047562 1.2354870235817799
68840.20283794124 4441.225774898041 2.237968910806628 0.404420135272118 0.20468586596651425
147257.79220467675 8528.761265344267 1.6084395244975707 0.8591673074966054 0.7895767996189919
197490.05710270462 4090.29481514763 2.713666621166028 0.7698239446039198 1.8923425698845355
58845.90808846963 4299.783019688467 1.4298241864334085 0.22276879837175256 0.7973031628540997
192913.7014749616 9792.406788888995 2.0339063706293423 0.8605304190400234 0.19787130576076817
169496.40374799987 5050.233305718128 2.30461824482122 0.5693534012798502 1.476848127084504
31176.266247269537 11128.771211990621 2.856077409785279 0.8899963147533119 1.8616556138080373
39234.22845724504 5689.809905283054 1.0443980833712054 0.9272535474088183 1.20314020815655
126117.01711113885 11584.188948971501 1.3607975284933902 0.9701519822731166 1.9477794460511042
103170.92135400843 1796.7241894303515 1.884559079639713 0.2429365145438142 1.3932151987356236
194972.02833675646 11614.314950171525 1.4177560193869294 0.7339078724503872 1.3354308864287396
61650.05226694573 3690.780082018392 2.5318419307256788 0.7803962321749679 0.9900633743077709
83996.9068859141 7043.396473561474 2.4266179544954616 0.050941352241351955 0.6427403173264143
183444.24381462112 11405.923048369239 2.2588556701462705 0.5462227424144694 1.3823549438193932
45286.80291062105 9053.599593507219 1.9978930339270833 0.2484078735030361 0.730286544369221
45382.34058421261 9449.95959067025 1.3454703423102894 0.3362363662481934 1.4106400720804413
119721.29764862341 14735.906192065968 1.9065068406118617 0.20742976155550497 1.6145656342366088
52988.59985038707 8032.239524746842 2.613290207512737 0.3536334888816716 1.8569483661077562
199343.6987096892 11572.648039128653 1.7312299268654963 0.9244484342818875 0.9475731569573986
56427.82844618665 11376.397412154172 2.7603999396542798 0.7075805766990603 1.8396982554061796
72205.77195803178 3982.3950695120766 2.013830715521526 0.03238756578672673 1.3147466865532844
59269.07658407482 11311.23613791685 2.0462131356885527 0.6713893537117533 1.8187607705961693
79193.36224402372 11991.54315429728 2.6079670052433164 0.4459176499231924 0.9683565989813556
42426.4901380932 1102.853903533806 1.859201703409582 0.02071804962973877 1.0436560429739914
13809.470551442893 11838.935840241345 1.9595255537829261 0.1876205722903216 0.26526059448636125
135047.82101872313 14255.997653213408 1.5361316552712194 0.6621353418260271 0.09960815771160812
50679.789498301856 4468.297712668713 1.8349032164484096 0.8467326322517164 0.2533371576782201
168398.9484272205 12125.881414866006 2.6025446995363186 0.12177477384355981 1.663810667199211
77333.94510286105 13598.372854382666 2.7058251314047364 0.9606676525017626 0.30307498846895004
176700.85741999594 1559.9265146433581 2.8028779691408126 0.17659679544835427 1.2580006752125503
61303.97445846353 11796.375281339386 1.6709572654944607 0.9521977571472223 1.601352444624902
159749.3931555644 5903.1579224332845 1.338483191499272 0.4081408724469901 0.23781829143131084
40843.28992808444 5650.3547420151845 1.886896141561085 0.6122086875483629 0.47439515437659324
102064.6265158565 11900.501399181221 1.5805849550908357 0.41872132468817086 0.9807906305460938
190069.58957069105 13187.032716926844 2.493931807272615 0.3060703670136853 0.7365605092396086
197140.89416458248 6165.497967394287 2.423254867218863 0.8652963960612013 1.8061277004171616
157418.9695636803 1381.4047082485777 2.5434425366069418 0.9615435709607947 1.186138704650534
76368.79801595624 12897.181938469219 2.1071447046024168 0.3831994020932636 0.6311460941896841
115956.82868499133 6851.6839302765975 2.746198724183083 0.17592962541506393 1.9991783416704734
99991.36201366596 14686.328667695345 1.565335650986619 0.03633262954159519 0.1090057634266891
95515.24453622705 4419.654792825522 2.1730356321839137 0.5784426279392861 0.8665378295899289
118168.62309826814 8462.181690591322 2.8608599146669835 0.2385630952522469 1.3861347357802305
82911.16440831723 1193.8764351924262 1.9854716691924927 0.9319962386572007 0.693169519938312
38850.27863960579 10814.279462213972 2.7926815786682906 0.10476038500697211 0.25825735070286693
123705.91321946544 8999.865756885038 1.1861207867150358 0.6594315090557965 0.2681366116703697
23714.328452815203 12759.238773676529 2.528357058154219 0.23548485300958194 1.6704236591008568
174010.85424982003 2113.785686009148 1.980070469379207 0.4059302283647448 0.6358049902759136
177211.31551414056 12071.507893553975 2.534229380811757 0.16094133833854116 0.2622379211158798
151018.58038467562 9707.563318937695 2.914128856704786 0.6569943869873278 1.9706233677504779
112773.19730658883 10543.567113818275 2.8261274764803552 0.3087034247120289 0.6044307664296675
196392.9760012198 14619.795281674564 2.371686644958273 0.6098949254279602 1.1629262302249403
178753.85307739835 14697.336242161082 1.2511933877981383 0.08977309947079415 1.7783369710929318
32872.56971437763 10733.787946519164 2.8151536151283905 0.43986457108020927 1.7634135911063964
69355.00191485789 3114.077073868208 2.9122488178092354 0.5832173503515966 1.7805554691900125
29287.4385865253 1535.1252337753713 1.5488619030882567 0.5233608949609773 0.3390387108816883
24722.709605924058 3845.5170203380526 2.337572114250789 0.8534717376842299 1.2971822178692474
122751.1531445053 5414.759767973497 2.9007680922028545 0.9030380555987145 0.41144091569588165
199747.7305193983 4866.985923038839 2.278839412128215 0.9482209611766321 1.6026203438500888
42710.462156136935 12244.700323615814 1.353192824891533 0.7759944472607219 1.3503475934166733
46690.71795334683 13481.840472046651 2.3891886276710146 0.640868424003245 1.9741530487758323
118441.65267309261 14962.738602420626 1.5243404813287282 0.3199273307249717 1.156990153846365
38448.821145241 7670.930751272534 2.3567582398761004 0.9157329516412617 1.611931929168078
118551.716155978 8486.526396988625 1.31030575319594 0.043111584691149264 1.8476958105624228
55469.20069412493 3340.216216616228 1.5783679604755343 0.8697612617141227 0.9446040841792793
168855.58880257033 10875.438141501843 2.205860999817066 0.37268981164892023 1.7576835070346022
170681.43193946907 8724.43983868922 1.588389507281561 0.07343003290772501 1.6575816779111137
10806.012795577913 14727.894078244139 1.733029879920978 0.17384766090609804 1.8254781885357825
163111.37516710308 8565.188659071195 2.459178302078986 0.1286900900454861 0.8033261220644363
46028.54377524464 8907.53747665227 2.424063730218541 0.5656533060665132 0.028703746911251514
64101.66126210404 2072.8115071531493 2.8833497633054623 0.5768890948706628 0.9489529326008265
169669.56349109733 14052.13620158277 2.115537786942009 0.4820852550688299 0.5131138708884121
17460.384636918316 6383.686490447813 1.7752414803094747 0.3481265997339322 1.001231818366517
85559.50098293941 12710.746441477057 1.6973587045283898 0.7987616430474802 1.230268080988514
174222.07079055943 14522.177248580749 1.8646611124202392 0.015397219760722993 0.49066303599542443
188876.5437324719 2319.7865246581864 1.4627922070385357 0.4443067753800638 1.8726141034069812
66558.59465143597 9382.243818405308 1.4543022572112048 0.4518455416782893 0.46465642285763203
155877.5059868383 11163.865561190987 1.4958423114443171 0.14934742852676344 1.6126260520032485
50285.89605374592 4153.670327514339 1.8889898389845012 0.510058459884421 1.8630962848972557
175282.01012113492 1983.4195766799558 1.162824536231529 0.9877599242899299 0.0730502708893538
170883.92363839704 12093.046743869987 2.3249699703914546 0.46829134645459486 0.43775554390366217
179629.0875515054 1588.8847207563626 1.3030506780524305 0.8998275746837814 1.7403060703230075
23607.172545805544 8246.811629177248 2.264733311342453 0.7102691129326838 0.8327314374026088
15547.229998044193 5455.741587515991 2.1843738998291937 0.5560517691017541 0.6634160646709959
100133.93487015984 4554.24400518271 2.091544310211958 0.581740670423985 1.2637407366002782
24269.85717557579 6394.727085363897 2.9393813105135473 0.12950927980925891 0.06838455379341915
116559.45394604292 6511.736305222461 2.886981074813704 0.9530664590575125 0.400301945143855
199536.12413551673 6472.808430536213 1.6727846379692592 0.5316647362280007 1.1973956799035341
161331.78126661727 10011.764955042205 2.888413106733499 0.15474176774558518 1.2776715396131983
144562.3749307594 13612.185039023465 2.0007050525582217 0.5048214168606175 1.7525660367462501
160367.49912402077 3778.350747273583 2.7992763183245093 0.17192351470860132 0.07925231054345738
12415.04269331568 5609.212640199896 2.7788357147545826 0.19074516750896903 1.8016441892713635
97332.29341268024 5504.6160909227665 2.537763223675262 0.41267139787146745 0.7679408019982125
44523.95186221385 4624.678811929091 2.863992211320274 0.037292583230882706 0.7098717001872641
41759.48577948852 13366.03186191527 1.4259050183815982 0.7303136502219656 1.686262651949994
65429.623245856434 4670.45070776196 2.4426027419376295 0.8796122917842113 1.5535686694448314
50477.95445122261 9654.623418009041 1.1999949930927225 0.9567069287392327 0.44561844188286615
77170.46751324859 9483.057013181491 1.3318429243158536 0.028990243859821345 0.3111685729017654
154126.1795500491 13356.203346585571 2.642577062585435 0.5269173808845623 1.1721097166058745
71492.26682549014 11477.059221108726 2.410983167621018 0.89076875969515 1.5866045951825312
55172.32948443118 4366.837637610062 1.1298691681334032 0.3205836577611526 1.3621311174005346
154495.87583326417 4633.537495748265 2.1257121031113457 0.7157952481599379 0.6954491773360485
198643.60286732216 2467.7649563755313 1.9613389244099493 0.6435835579740948 0.8862241072920807
162469.26854920352 14900.71010442388 1.679401101578109 0.87717824418429 0.4575871552332727
35941.5485600142 7351.927323580694 1.7405734788677365 0.4359387376263616 1.2155351061808655
163194.48794475917 14545.23113308488 2.457607852885249 0.8077004819132654 0.5441575431806898
56268.124796700584 2620.7188752116726 1.2015197388602685 0.2029306446168204 0.3303058981565203
182876.03257680716 13070.481507955512 1.2798032115823514 0.3075574712055104 0.5083298870966119
74805.03372832126 7433.333301816034 1.6633363560337895 0.44263881409787836 1.0986691607946413
123406.79944032263 1341.54467913161 1.5827118212885178 0.5704170053172258 1.859075157873818
109420.43422135942 7620.668001551399 1.4677363564310062 0.3529443193531424 0.5032615168999756
185854.7819124592 2451.215818697874 2.6891619285834043 0.34626517960008385 0.2144385735036983
83630.19357786712 10997.95425160887 2.553586680128717 0.014013939112032458 1.6239637966844176
29029.944703292993 8676.591691012422 2.2160373224171437 0.8034432281019992 1.6821315902856222
149577.28987768717 2383.0849592076274 1.2883771051097466 0.12092997047787515 0.42868502360373373
113919.17208566536 11142.891888216534 2.039096308190089 0.7426461817587989 0.5911445168744835
70110.37018693647 1640.4837155223886 2.3075133780333603 0.09486562651650902 0.20071167223583142
44242.865306425796 11011.287648957581 2.2522934805533805 0.8788854247731198 1.1305319699577616
84212.48595761393 2992.016433425384 2.0531033731141024 0.41614005545907257 1.7894836323568146
170020.71364232482 11086.50831017972 1.6205607581462826 0.9807223673678154 1.4003216073568234
176599.64936626403 12943.338983136697 1.9678499437306844 0.4593965122316596 0.24331648054162627
135677.57630177579 11101.961858945095 1.5679416056209994 0.3475653288912894 1.6363512219081853
72024.33983035611 13990.503516336377 2.163028420335066 0.41119285235370345 0.8702157868311521
154334.8170793507 7023.650981997505 2.9264685169452376 0.27286721116713303 0.5106515417869198
62630.79920549214 7524.596375460605 2.0114410025286316 0.05960346505726035 0.56901479144963
106621.17938993576 6810.5402276016985 1.7355089955061103 0.7541250155352295 0.032952921195126675
138310.36653887737 3218.32422251855 1.0221828211243278 0.009769880461341012 0.36305237559925346
152186.34153302436 8767.913066452596 2.4725286947020155 0.5273807200243541 0.44917364221669154
124785.39760992971 5087.933366811464 1.2902308251106025 0.11810927705711137 1.2641570626631016
107007.32870391682 6287.838609790402 1.0881756557929911 0.43278259797569557 1.7540065313726039
94708.20505234873 9283.536485781691 1.2396568603621951 0.5200542118953014 1.558312138394802
115803.41532380876 5253.523156063815 1.1687170706031125 0.269778865615739 1.8847696332541448
100379.87685036266 13036.564353218977 1.8078648582958452 0.5849013436508005 1.024926748679542
150655.7878617762 6217.628092132643 1.4443537146708993 0.3730778946840333 1.7389359742781878
43362.7534950491 8963.230440273497 1.517495352263055 0.023173870590208267 0.9848467332269663
76175.07072255162 11334.864150211533 2.928731650527258 0.8687214325786674 1.4866525023453363
98151.11736817773 2543.678561049166 2.5250648112875265 0.8376708928073039 1.5020214292421739
139479.52339973586 9997.271098914882 1.5206205511878215 0.33753474877684836 0.2720726370422171
60924.696251937 5045.781693458379 1.6405221042291651 0.522495484610644 0.254878022183667
196830.36733480677 11217.686802676166 1.1254862184069516 0.21631254281482934 1.6261736541339207
105524.78598651136 12545.328061734743 2.976634080479248 0.36077817669032003 1.84963497228005
166612.304736157 5229.826326905118 2.4130510387171906 0.5368710524373232 0.1732515003000821
128007.98961297136 5626.0521821458515 1.2436645605242138 0.2843769559225137 0.7525037162441823
80340.38616121019 11113.875488812973 2.8857341864759736 0.7033219337921667 0.42191080675942794
180714.1911127091 6854.36567114921 2.0828065748379627 0.6363148312713387 0.4690187566841305
20479.812824718552 11389.671785618535 1.7288457520116722 0.5112667568994432 0.05535912602672662
139245.7064531191 10754.393936029608 1.8124061135486378 0.6068698911020172 0.2355987137865439
188756.67631866576 9026.998999676234 1.4120765918478133 0.4978720363674584 1.9495453475209177
108519.86817164421 3482.0215410257083 1.744488071139082 0.9235252438308176 0.08825846985281366
164971.27942467385 7339.249574509887 1.9659996040471128 0.4856162322175585 1.9199264363493582
82742.81216513406 1645.855174661604 1.2822559453890674 0.5438745963062729 1.2922559467817056
58076.30765792345 5512.279165258661 1.0427760371139994 0.21784541863169915 0.12149893797209818
109964.76670758663 14275.616929429181 2.1471492126950196 0.41464375971569745 1.8415080149427763
194189.19652945935 13705.932217895996 1.3850261525220553 0.7065822862784209 0.30115116561995664
195112.09102066312 3156.1736336749277 1.987781476455309 0.10540868648552693 1.037373097938554
28843.05858373703 1283.09461403222 2.7277378151497276 0.5350953987023802 0.07600552268891538
174998.5393010855 3836.914199710308 1.013432780952231 0.494107354915697 0.6562159387299419
112241.62368494707 8108.463792784346 2.489248888857028 0.1812030908241647 0.8996595908544154
18109.45718530238 7000.371871787365 1.9763416838743604 0.11278654736582515 0.5078873127106068
51653.675536784336 12464.587787234785 2.1938411967423503 0.2583450406014269 1.903377434162445
189107.2522995078 4566.729266258378 2.6717818662254684 0.37744299169489043 0.8732805115859369
17163.085038300414 8792.99990289444 1.381070592040039 0.5611496628891475 0.34781956326291974
36449.674380987475 7775.655288046941 1.1050087772667712 0.061957046064785366 1.1141373871292761
101079.51404148796 2245.1503657535523 1.0323113423221435 0.6618256755819493 0.2122881461407365
121012.75517696835 11561.733262216605 1.5096140083666776 0.18035769089582598 0.9745362572638494
181284.84709745014 7550.895991961834 1.2204873582133497 0.05729033032228758 0.47864600814930025
11859.490339111238 5578.326732978927 1.5692887302190648 0.5134840726537852 1.2947152750591087
120752.55683332073 13788.919007642744 2.4488128958305717 0.6896017837372652 1.2493571622119606
113099.413626328 14402.673352607466 2.4032891252413426 0.6607052066429583 1.4781974618059357
102996.96194896665 6754.108631280925 1.9084167383414263 0.7712439899614216 0.11834199338243313
68206.36505902203 6172.093227452609 2.8411021434035764 0.4098036609344522 0.11335956629610436
39530.24008226924 5795.598925057799 2.0455277347996987 0.433362085874639 1.7469426979231666
41559.39800152589 3933.856029750113 1.8051758030707599 0.864576383893513 1.4162434306846896
189460.0156218284 14719.401514705412 1.034634258769595 0.5775232685932381 0.4056497478256039
12542.390008263992 2637.1972783418573 2.1415600853793704 0.990673844262644 1.9319828777742682
99108.81153297705 12370.543814127983 1.3682233678475129 0.06380381715878904 0.3163901405639625
35031.30491857246 1373.4491029857904 1.0505560392143976 0.6307675533351613 0.7499233813956785
63833.87486868605 4400.142530816107 2.4805329792565516 0.4242265597051662 0.027908257597154155
85663.52327691625 6909.7993728272095 1.5269564485786704 0.8290561775887737 1.9297539269782271
123994.45621484831 5931.252622250042 2.673099520924419 0.9729703610101821 1.0355414810856518
127687.35861925843 9925.665671650719 1.5987430133114193 0.0828442857157637 0.5480435915331402
172740.05799289414 9548.151646462105 1.0592231986742209 0.23689945177372274 0.5555799268239497
102805.76675044827 14363.565785751915 2.9519383273745223 0.7921631997816846 0.41784828252080897
180983.39671587778 13539.182504377184 1.6379230506738915 0.9080641687564962 1.6502262938615517
121310.77158506213 2336.2192595452957 1.7462864940237166 0.6907817008482099 0.16478770495323905
20268.41556808063 11516.58065850651 1.9482777152308945 0.38744599175537703 0.3745236869077121
110718.90558399292 13918.508558200201 1.3087258834653013 0.055005892116775486 0.22428101507495352
60528.34928727772 3704.4443101121387 2.4851800867490015 0.5014194282230691 0.45858940569372436
135275.5111836588 8409.159545372158 2.4305900948369223 0.9179850803188464 1.4074564323843402
43058.23420044607 13754.246497086167 1.6303634803024987 0.7899957470408914 0.6912573312785028
186949.62318522006 6584.485765672663 1.1904634168400339 0.19657432640475914 1.556562697148059
139197.38935442237 4252.571933085304 2.383055902553253 0.21194087895391459 0.9321739568381526
24248.364745287603 2732.746153590085 1.2455652833282838 0.2556914192286142 0.40929066873777237
158610.64771746035 14441.170828309347 1.3588361494659618 0.37555802450889203 0.6600864044399041
111765.14211728408 10657.274258124626 1.079603029285292 0.3845892434227608 1.0034772624424535
47438.54897662785 4535.248986029512 2.4776738001218392 0.05680498867273787 0.4353130862684061
168651.77757740402 2769.2545784787676 1.8779638388048931 0.1915678894326734 1.7688276529494478
91670.43477092004 12468.48768490824 1.8982393811793128 0.4476801221778588 0.18381535047519157
51886.58666019177 14503.8780691563 2.262448187544815 0.244867464547598 0.977832790747647
36882.96286604977 5896.863118277673 2.464569144108189 0.8401865674697298 0.0393197594792823
179214.78765684398 14675.561336844357 2.9934003668316125 0.5526335844637469 0.7380381001799349
171010.94037341393 11511.38450782994 2.029721295556244 0.896421189576672 1.4715251146269686
198392.16172054887 7681.96383943671 1.1390925629577517 0.4310181789136957 0.38369281769475155
19630.48766320764 7738.311373400126 1.136291673885126 0.16212040162426858 1.378593579471617
189297.27095364005 3952.144182848779 1.4239475722785921 0.2752118828145957 1.2996323706668629
176011.3428366409 8125.88639695461 2.771053610006207 0.25732096706889745 0.5439997110268263
18888.396644325003 5146.337736766862 1.1540115143932606 0.155400666190462 1.2056426114638061
37447.14490509769 6722.134928595141 1.07727700730149 0.06047995389045579 1.2136647034840304
185988.982263696 13245.334842259086 1.6855988048669268 0.6277265994048629 1.2854628670235055
97000.48044384985 11425.145511486806 2.738250581116297 0.07437775802916273 0.3552651765348136
142120.78546915588 9741.590008069572 1.2926222995115997 0.5339991746246905 1.1208469777231655
182499.6595575888 5351.214669567819 1.1930604769823505 0.21539062655802627 0.6583709089337322
60624.003589369815 6873.502475989228 1.7803540861158966 0.5891293640992318 1.83261177635806
183169.2600729546 4286.225007541578 1.766711827160182 0.12467728890703673 0.3588932984654207
164213.57099036986 12534.666932553027 1.8392059565508236 0.05186301253498683 0.6725835474711086
195927.7426377621 12599.798412428163 2.7117352640838854 0.13988203006290068 1.1166069893221895
52382.48631547317 10447.653351630806 1.7639430483325196 0.163880451243881 1.7060971471221105
94332.99916212245 1868.212000770798 2.7883509177751495 0.36567977313570477 0.9879143723780864
12748.515778409554 4482.601794799064 2.8468953227856817 0.2543166866552079 1.3326829828660895
133401.66021711208 8775.329204523096 1.144176913274356 0.6085418611056796 0.3607043557431317
22480.840006387312 2364.7285290827604 1.037665801175358 0.19274347790860566 0.7789593160585482
44624.978935300605 9270.3237243721 2.0364809589498316 0.7417157293950618 6.154124706162926E-4
25111.69492451632 14004.63480914734 2.4983879101292246 0.6700863860986299 0.7272161552713247
27847.682504974822 4269.5114101576555 1.7974199062576184 0.5485066059100941 1.7040518672309872
33927.514790171364 8219.322557510186 1.8201211598706881 0.7743362114183834 1.3396847892120536
149742.7691673183 9904.668873781508 1.2130731214999182 0.5476176087011262 1.5431805839044188
133754.45978894347 1517.5826257415683 2.3647104803191548 0.5052249216916196 0.759948388687645
78505.07281004274 13214.96222650386 1.2670914090242178 0.02119639314197814 0.7134624051423528
30823.69030792612 3911.3639905627233 2.690197922991696 0.942521950155171 1.0402824353638307
158780.19680135464 9180.122033615291 2.8364534361408706 0.7979401686798898 0.9526010204761259
100800.09883378558 3314.3414641752643 2.1813271682217543 0.09910077310950031 1.4673305927113895
175753.79356849828 7514.692068606136 2.315810542343597 0.4984198524099821 1.7934824286737163
19498.334264093144 5701.000366177891 2.390225729684204 0.8554630137419829 0.18444387136478482
110264.97436983121 4332.643111872253 2.7865761802526645 0.33565606070648624 0.67905923397309
46362.01347489231 7177.5616697422965 1.2335243417596773 0.7003767282481539 1.3567170401343798
114125.62102472542 7152.676093099637 1.9460863142619125 0.6208046032433635 0.08499157925105433
110395.86329920936 4915.545541374888 2.5938760052909666 0.31822687559699203 1.137351551279578
20000.39454358627 3559.726912822793 2.9692267396991676 0.5281202700682455 1.0192213446260898
80572.84592145748 1004.7167687880889 1.7954434942666129 0.19800304692807072 1.3607450313500873
13611.28802189661 14103.017589463407 1.9980304828678235 0.23065158556425283 0.5519096629754389
145751.29959071067 4330.21860716053 1.7910279856075664 0.4581844884136659 0.48871876189470786
56716.994384039484 4110.243234784302 2.512588154016562 0.8345558283382232 0.5198583423321784
49302.88357009734 6292.2333846988595 2.2929454576982646 0.0525077730301299 0.5727301022305122
153032.0247223758 14817.404684470048 2.461717170148148 0.6839386971814586 0.6652870612412789
31904.633598178523 7968.528767067633 2.6598472382378295 0.8978823797657949 1.0871861736403863
62880.062002870174 11680.209087298195 1.1618136360936118 0.5672682589618022 1.1991194531187297
22915.408058105197 7759.394616102951 2.7952146101606288 0.29708402697113523 0.9949093292248328
117114.15283694031 13000.826696373484 1.3194973578619664 0.9990737286907044 0.5387455099541422
85341.52876691164 7415.513499910982 2.0898514760867526 0.6778076860021909 1.6548852595642798
39443.652104645575 4493.824760092228 1.9189661174068853 0.6769984539700504 0.9403403494441842
156900.04253520543 4960.916842934366 1.0715280534114868 0.3247336867295993 1.7167781004396845
68965.9915049834 10683.155831059395 1.5395021197317695 0.33258065172358514 1.3479824553712543
187935.14777698272 10465.4184837035 2.5598716943819086 0.09765899631737869 0.7928986625805217
149397.71512210928 12083.005794109438 2.5918857292225503 0.39272346152258897 1.5758583500080385
135784.63471388398 8255.651484675953 1.8600751346760909 0.3572213462374305 0.2090576913670446
172352.43503670592 5811.7800534374655 1.040752638942759 0.4701458697875356 1.551992455924497
66274.57019961647 5303.8261170876385 1.9745339210714166 0.8103414289247484 1.8745227032114449
122570.88256183048 12660.701626125045 2.3984269927283393 0.04745233723157931 0.8638613664587667
166229.56065462634 8583.638627896831 1.8238545241981654 0.22383401195801506 0.7644418639258048
52892.965538982666 9588.77776603284 2.3161967844074214 0.7145217105737144 0.9035813193443379
187732.01585301704 12777.75096283355 2.296104019013462 0.7863349262702143 1.8351721050183698
157563.39658505874 11491.296035249643 1.6458984470241242 0.851882890135224 0.4552425723043595
20670.313000380993 9145.672539196297 2.7752917544675144 0.10330563589562625 0.8846695300287223
163586.6966241743 4314.88225473903 1.335098009123327 0.7816266440120756 0.7411533455975048
102283.12392623673 10910.587704108977 1.383705410718205 0.20198021456799434 0.3505030285060545
152789.09853403212 1259.6827923541346 2.666956563955096 0.6540508375053071 1.4344321062724725
199239.75558891523 6895.889432644078 1.3491366852337177 0.9196828456853287 0.3201719235472371
167697.4893645723 4349.7004517825335 1.9153773284287245 0.739372118201006 0.8640898257067727
95090.2593068787 2147.092128293778 1.1262061980352926 0.2899249362542181 1.0609836694524786
17646.571310827632 9974.889664259594 1.024307544041838 0.9767295121862203 0.851131565924452
88389.23982260317 13202.390504972858 1.241929467061576 0.8957277692195903 1.9630298189632178
31536.16923928971 3733.4158819718737 1.8186650849709078 0.3179012287198924 1.0384217742250752
174541.00000803338 2699.304510803542 1.2151772686148488 0.6487526770697982 0.32231230547272377
94831.6595822981 3969.4009408199963 2.139933105181 0.4956522506355211 1.6472046833309189
51230.12737632053 4643.805513409854 1.8459194333250584 0.5624228404102327 0.23254847365466008
55817.436630653094 3648.528426093081 1.7251130734286524 0.8458887710009818 0.44395481324018216
48383.43081056258 2674.5637234466594 1.7487700474081744 0.7909033194623112 1.5266785030581695
102515.86293152002 5101.308617251935 2.6086448446351063 0.6288767228028714 1.2281478452118844
194451.83468999408 14347.125884495385 1.8020250956560027 0.3954946718247851 0.8424886823506053
35314.8017329625 7357.696265865735 1.1180955033067366 0.6786352678409815 1.8961406860461725
192535.25295396792 12805.597607045465 2.6483992420611018 0.8124433136005396 1.103025013622289
157894.6447970747 3642.339449803963 1.378425668804281 0.1687338119355269 1.9672275673462016
170438.59841241434 8280.387608827084 2.3305222735194766 0.3234624551442606 0.2841620048295085
159106.4119701162 6686.121870396 1.490316564201539 0.2766540672278708 0.16391348561966468
105296.23440276187 6073.336243039592 2.935784311815323 0.07673629215647504 0.4183449543260895
192034.250859079 13119.499448983777 1.7643396266832538 0.32203371690402277 1.7858449464609016
159399.90989537392 12267.872776569802 2.5072576441180217 0.3900519217032578 1.829747792807356
131583.49907863647 7648.007855490785 2.312412296237485 0.6112826705848733 1.6528802965378728
150151.0138975309 14439.97419738635 2.191830369138123 0.011068477969343363 1.0961536098068334
119266.40457268596 13717.479217525603 2.7228656691934727 0.10985061704201861 0.921563204841005
86383.34875141951 8661.892896778063 1.4529499105538173 0.7464382822773732 1.2371236490606552
15035.041187511393 2055.397232850717 2.6611615438436473 0.20400144904610892 1.744429898922473
26641.52440576785 14320.287649667012 1.9047472441468196 0.7662026205448366 1.106977588890873
193913.98537710845 3261.650275538128 1.6528497102583206 0.4642727877600665 0.18648201648629803
183813.1030926682 1955.1392224778979 1.1314278491616414 0.46223402622280557 0.841186298327914
13529.298271388336 6139.991810282223 2.638801688235948 0.8843725508135534 1.4219605697614952
109007.01909479397 13576.421701370877 2.030671384311455 0.10822671186618353 1.6253800048330762
88813.9538199565 3132.9055997478654 1.786982241853734 0.11452408312047616 0.6337847297408714
25003.408842528534 5297.938264684959 2.323563200233287 0.9462598079020622 0.04753068092125814
11095.95464390071 14877.681686867145 1.2535733234791446 0.7992734353034315 1.089735019962667
128632.859484971 4895.810201459073 2.980413136054842 0.017856453620912153 1.2712181610146611
25693.799974592013 1725.2057610253373 1.727818981930052 0.3113208634249814 1.6411698998784554
185355.31836382553 13258.362286623164 1.5863232869496855 0.15848986204989265 1.1327091269352738
65879.95187407642 8698.814864331409 1.9623617371152222 0.7363049840040351 0.5521473888241706
11629.995743265503 2953.5273426046087 1.414732707157114 0.5934666061447236 0.2118999703598076
80102.31710170314 10506.582034977484 1.913675028590737 0.6426998017030644 0.47243678235123865
85122.38284030292 11372.89219270625 1.9714383507111413 0.9095014484101517 1.4754936479452903
149013.61142364505 13934.868500135231 2.6246323989906797 0.6021801069316688 0.6281605445045745
176896.40366926815 9172.964773815751 2.5997837751597617 0.7641770557115752 0.49651898421828033
145344.5296770543 5542.70890620911 2.576801796739726 0.23130926613639782 0.5289561314814478
57998.229623969455 5212.219418673161 2.1699448737695564 0.7760351170147762 0.7545682938428516
112917.79525180541 6125.326073350039 2.1041323804773597 0.11762128336151774 0.15046125188201126
98272.4337280112 10283.516210250455 1.1596354981261607 0.5682039861557366 1.3183219354989375
160571.50569903164 6375.302016330334 1.0015446272603412 0.0017208255352959031 1.4153994143557511
100484.50196079523 12516.567623611474 2.680961460508149 0.5290050784923301 1.0300290097795288
60020.914952781095 11270.9325913647 1.9300288976189457 0.3010251208300633 0.9543323762394403
26980.21412245258 1818.0438716404924 1.62360678924763 0.30299492888601826 0.10103649758733318
45554.76553905152 7097.119127851482 2.9302159909022154 0.04678543267410603 1.5401674491656296
173530.11457982444 13853.216602143955 1.9326116454746507 0.17884102320904044 0.19375811041298127
77021.09011850476 13347.557822460785 1.210057447002777 0.8162675527429399 1.094702749582348
77799.41791461607 6700.852565448889 2.2403566727172475 0.8620562718971337 1.7724102817985
170226.74561668737 3031.7854448632033 2.616028558686371 0.0589490477832522 1.9263444287901335
40975.9887143189 11906.740579552958 1.4117963280276526 0.31400983466734694 1.978833445388553
159682.48160934917 1950.7101307586897 1.3164263712228133 0.8091756600164718 0.407928662547189
77560.77306915064 8154.3116455894815 2.996508691500139 0.4158679906423085 1.4934667531489636
60737.450529442845 11200.337441079851 1.255494661983368 0.5543496889645373 0.5358948518495762
130215.72885501126 7226.687743188494 1.4826567949073763 0.3386258578227751 1.250316082940997
81255.33600448027 7718.219326415412 1.170115417781807 0.9474168604156235 0.775969659469602
153340.7047983561 2123.630709418757 1.8260455249502185 0.28269095315385184 0.38570217465596424
173966.18571558985 9220.5926614588 2.5609792599980366 0.8335446715946648 1.6911868812702855
89883.15466554044 14024.544214839394 2.3958033599822848 0.8614322398784015 0.5225075629417418
161782.2349800731 2640.6424520974183 1.3625401823337115 0.46551322994838895 0.8390433327980141
123591.0322723702 9431.48712124326 1.7106236129123498 0.11625082955556482 0.15613288688018678
188565.47509486557 6457.5334022656625 2.188845572074543 0.29967857719566526 1.1120756603016198
147686.76918295902 1084.6012869924778 2.06290716997494 0.9679148074280017 0.603783510118596
92026.90716900778 4797.781262448218 2.3475687359750896 0.5167920498186019 0.5207001909665395
103581.37507550283 3397.4094930624683 2.8137860943757484 0.9738926708432166 1.697461547666948
115087.2254830213 2427.2807078930837 1.04812097967369 0.7837184738539479 0.05329466753843512
80875.06709973837 8007.345662383006 2.2438456931660826 0.2640941055173974 0.27118058050362737
25947.540578305983 6343.066038400043 2.2574266066800894 0.48740702123717067 0.3440146772335871
98884.75155008039 3145.4433046807862 2.5417336346221178 0.6008541311541878 1.4476567404904568
136730.7634818633 3389.533553788863 2.8903016621429622 0.8159513611606315 0.7855796668232068
162903.36377884462 10193.80354977833 1.9385271885708706 0.6396349154619843 1.8642051990799438
178131.50588997986 8541.3153719804 1.6079059913263822 0.2327463565804205 1.5186643721121427
148532.63203064876 8374.66528527021 1.7211490666489189 0.32618114202077103 0.5868257163362255
177440.62732785178 9518.53702898313 2.564916174948321 0.9139573800180618 0.0029614387869369833
55325.75800324767 3869.1737217887253 1.427671876245026 0.8182995583268583 0.06330239553478208
182533.47385615937 13056.095104903043 1.0698442658164413 0.7084859529432159 0.7628456858180772
96704.7863039263 2973.8011122363123 2.833078677186543 0.6728210156200809 0.8306104702585618
101908.8482103202 7855.957826232732 2.7734441073475944 0.4694166500412084 1.0742726283101383
84531.62963563821 11942.505877768244 2.29151576938987 0.5307922154799599 1.5717326450950095
190810.93843208297 11776.995221385827 1.5634606123868835 0.1404389898788288 0.703337544953899
88951.25573473108 12435.995233390504 2.29873365738443 0.8424899929721237 1.524085258519804
90875.26349717652 13829.079130490349 2.9823245539061807 0.5928359413010307 0.39486232235192126
145040.07872625024 8378.16054106172 1.570114771532575 0.3941643163792275 0.30973616043479224
76109.78374310456 11755.088629055901 1.1492186489466998 0.30071772621558573 0.7241233026318341
191147.3307633352 5529.47105887728 1.0725935673239406 0.048479916652856454 0.9677059861169373
137449.79744154212 2607.2947920102624 2.6150942057274023 0.34249540408113316 0.5677431578216559
147868.8302108662 12609.323474598385 2.9638894102489406 0.13448814759892522 0.49310096356798583
53559.8865553256 2760.1741737379134 2.5686712183357505 0.621457394878225 1.7965254346718413
49033.67612268684 14015.910481574905 2.439966630334283 0.1641964080120773 1.7599611917730147
184045.6019633147 4175.691272469231 2.571103053660728 0.08502036510000704 0.453127566121609
57226.22623036135 1033.436811776676 1.194066709460227 0.5517755748439099 0.08069779729228621
141556.1419724861 8746.702580322926 1.6986027953922145 0.5455998464067328 1.9582545763645756
180298.3991073816 3611.695720826133 1.8815288058945396 0.7681425264529108 1.4248476711229923
199932.42809118304 2190.7454602619446 2.4955773982072014 0.9548883124952239 1.1761489222328914
165889.7719853222 5818.502906746712 2.1032527126453733 0.25671430213238444 1.4973389744589032
138030.27806297428 11686.179532968134 2.8648024461199393 0.7432352881882758 1.734593305153036
74623.04901619491 10162.507262750654 2.784776230076094 0.8813256042344357 0.5258227964858643
103989.89643280016 11068.395529462401 1.3436258663065483 0.9296657418400663 0.5401762638980662
120088.95447002887 10146.270181169297 1.2485870882242975 0.2854227306750279 1.0109817486249992
197708.82948026247 2888.1941491429443 2.2471188148496166 0.5711545261065841 1.1755664861470052
146030.63822256957 13175.446054127933 1.3227788683774742 0.8541138727121733 1.4310279408253779
132924.185756933 9109.954417500125 1.6292814360813326 0.9258978494844516 0.16843777926991152
95284.47988382017 10387.141826995476 1.7699149449042064 0.9517826270424785 0.743835408578221
96494.10174358761 7953.461081451742 2.373846013907237 0.6229800635814895 0.9500651364195621
150852.45834284346 9625.025146314958 2.8763657503090196 0.08348490408161348 1.1518687678301787
52569.39979630568 9719.995391648281 2.754582792568606 0.867407648917101 1.021421810436958
167939.24409512992 3100.7876031107444 1.3677751613673546 0.5572817846370722 1.1259907415760608
169823.55102798805 14388.13615982827 2.551531067728504 0.2929430295423379 1.7740053781975005
90289.07802755309 1848.1520959805655 2.527072202345841 0.4884247219282021 1.8515031695309632
53274.57507286033 12402.173586715611 2.721068413234055 0.02613120499829487 1.6775478658324603
130914.71016421789 10769.359307475124 1.5231491873890897 0.4078767210777225 0.02312640566188947
173359.68980597064 9725.305605926176 1.7883401006012964 0.3676089931293765 0.9006796941992465
15396.364794658683 3522.572351376391 1.5979679771480093 0.3858299498525292 1.2246399886876709
23398.119899884794 11439.755865353232 2.8974893858355366 0.1563427090383797 0.732074566950672
160125.89162881183 3961.3239896613645 1.8937434212842816 0.6739880137318857 0.09545611801709694
130531.65853350585 12589.840983575936 2.0087363189068483 0.3519393781962807 0.1265066479335011
93308.34765109376 12046.1232076677 2.417005389086145 0.15006725243303418 0.5044252205817846
29638.812530463485 14603.892417408499 1.929192753973863 0.5734726996409519 1.2174986228965303
35154.20625950447 13560.73733719354 1.8748727516207135 0.4801796260708284 1.6856673237019497
120285.90557167107 1978.4468068520514 1.4746574200780942 0.6310936081963279 0.4518230593534909
82147.83321314237 3751.5909944159844 1.639317854947857 0.027064697504518412 0.6751079819912622
40240.77922799943 4410.18944077651 1.9929683948336832 0.5503451853625029 0.20264378596330276
72987.62665364894 9832.755210038582 1.4474173800343673 0.36810508673606085 0.04901233434693021
163415.69464684115 13895.134159295812 2.6878393942000898 0.9362469010580845 1.2693547146205566
43084.90739348122 10929.359940895236 2.0924726657465134 0.8868198070240418 0.10628303416660423
111235.26386176184 4969.1649675527515 2.7534496643896427 0.41020900736104116 0.7190948317629156
91132.58005228963 11978.281251895984 2.875099498801919 0.6582420483882693 0.4824301446008225
98475.81674380733 3889.1319400983425 1.0834846206545572 0.4195134330474504 1.3814391144846976
143620.86870618403 13736.826992594395 2.2498770166017206 0.7784922594172091 0.46182559656414707
50075.65128907841 14159.039910489277 1.4053267029105714 0.9715506032472202 1.1424777265017556
153092.7207811693 11665.860527990202 1.5466842994872627 0.3150304846902032 1.6727894857354866
66775.278730447 10858.45710067364 2.4462428783364842 0.21447104747168472 1.3549950056792746
102621.08728071483 2299.684204807275 2.9647048415477384 0.4795274775750695 0.396302193677152
104212.46821563474 8598.93022436271 2.2338403633708355 0.9833103855504531 1.104164506180937
191721.90781097385 3085.7394448047585 2.0570910259182607 0.1489611942664427 1.6397122148424783
72429.32824908211 11598.727772657388 1.3461170048594133 0.5538229198207273 0.929816585230547
181111.38233161418 5012.885179474442 1.619326869988994 0.9262020417529774 1.1549398569831528
187505.75535719734 9018.791492990398 2.0490750497942054 0.26010456631173606 0.5379611609536784
40574.38376741708 12158.602293800954 1.1793491053697203 0.885521479856734 0.0901439499445404
171253.61419587227 12451.812111606037 2.069963448231012 0.8257829281996248 0.783354034255627
88100.99019271084 12337.35407641304 2.156165465743906 0.7500166617588373 0.4130848740436906
161138.34823472303 10301.999278511728 1.2728491429089366 0.8803924811880449 0.9198226779403668
154752.44925229577 4066.754422806939 1.704767069488407 0.68122824882829 1.0513970235861414
98707.6054291681 14802.283456604346 1.8915426207725732 0.2591985720444179 1.9019199991351519
136496.7360466703 4514.827767308963 1.5423544871018304 0.11166868480976826 1.336041782538947
11337.659409157695 11858.890626158784 2.906923382251928 0.6689418288371054 0.030089070791587104
70415.53147802211 1020.5038791468414 2.108001444272929 0.24047746586432037 1.5061285837183513
111280.61978837069 10278.786603015635 1.0142405880897727 0.45777151905165836 0.8615435040617327
22097.091203218886 2499.449193736672 2.5812557060268997 0.07126188812253002 1.7985042331552128
51523.20448744534 5025.102675179253 2.942764174508153 0.5808711631858945 1.0165983388080209
129398.56279687784 2804.278511757954 1.227321504519658 0.9795843694928152 0.11704281167718648
118948.81121957276 6777.07414925229 2.1717705633936477 0.8318510767611217 0.584737443503114
77991.77722262427 2347.7165081107364 1.2623849463479917 0.9963007139559672 0.0978404212106678
30340.007057855095 5469.160770163297 1.28035653533525 0.376105400063829 0.6440907734975108
143842.5394998643 5380.69011687689 1.3563814391693472 0.21972886044280954 1.2662179463936
115360.22338520388 3237.7904255889607 2.135714573121854 0.22031034540589048 0.9386738649380633
121959.4509021459 9353.377552574793 1.2687442946543321 0.3780315469614063 1.158826625171777
124288.86436308842 2311.985928273563 1.2057479620853186 0.9894282974551334 1.5322766507036647
175479.60461369684 10257.812761401728 2.6327935968676677 0.9770669422650948 1.3458505544936927
30232.833485472427 1531.272454042902 2.2662752596389972 0.09012996685801761 0.05729755834165082
174793.09842814444 8433.375212657455 1.5307770390035689 0.28809502835362416 1.1824226029474947
47818.82096600152 14902.731049294369 2.451945036948585 0.35636027197245873 1.3253701911697826
92674.48455037535 9869.780031928241 2.1875891666597607 0.9932794971519693 0.13608016190649483
91742.0284545418 14483.809110042677 1.1332438258732347 0.7659939257932714 1.7821853250994277
181725.13007310088 14932.188729357242 2.8501943991119423 0.6171052136703016 0.9377883720925233
166146.98978857932 13846.86618318563 1.9400273400763415 0.6034068153607577 0.5146903774687589
28582.210622584076 8979.237524829667 2.684714145769834 0.2242180673456766 1.4516344420225642
74567.64320652133 11037.495948557917 2.6650842603186646 0.4812806028281399 0.021959849419465282
186307.45062121807 12367.6611340501 2.9041781901043553 0.9458713366413222 0.07049795355230949
104993.73249164635 4731.031850593807 2.637137893758408 0.7580595629945804 1.0547553204146507
86172.99189845972 3248.9873816295994 2.578821345496678 0.6865554351834362 0.8043419776163206
153729.07503629534 4053.192793820969 2.2344431296228286 0.05418552414004241 1.2209280849815887
21044.338437325256 6027.153476602977 2.4704162322462393 0.21234017481818188 0.8203495967104389
112492.40888358091 6564.4152228541625 2.10112230344099 0.7823995207686252 0.8751419658473033
126743.32228950915 8894.129589235225 2.873951489923225 0.053354479544586636 1.0655586418146665
78759.78407090713 2786.3827017257154 2.1978082052119827 0.045369559747767046 1.7877234793149297
49540.596642810335 12743.256871665124 2.941655434068907 0.47322310828953174 1.4486563739045797
196644.93061302288 2915.2485882565225 2.972619653828959 0.36930281478319493 0.1329014384878933
182018.15211626195 13811.068761431829 1.6335382702129573 0.12518032568727627 0.14885267796190654
164323.59212134997 2254.76060807367 2.9951869071223776 0.19573085477806074 1.2385173103786544
182203.48204159908 11170.906246865201 2.1298234338318474 0.3620283464932699 1.9915491366803266
166399.85972126332 8190.411568625582 1.038808530773412 0.3631467816414074 0.2802421539898709
24445.220741784215 8710.8938801296 1.1471874457346176 0.9013424496104031 0.11074217833865913
148294.53578914335 10805.853465305325 2.1750617694914687 0.760814635264387 0.8585910332888665
122363.23894998564 6940.351481980445 2.3674299784924333 0.6695632211229458 1.2101266103185593
147475.08232880483 1236.5297482201338 2.918599095739902 0.5636811159277824 0.848097225904502
134374.12922087405 3027.0544918482883 2.8102586179185454 0.755628677452863 1.9871699618796614
172122.4450793229 3719.0412701500427 2.9881849323336933 0.21817195930618213 1.1684860392434728
28323.202041880126 13399.754063556771 1.0670653784671407 0.6153432239902883 1.9451311729948078
144100.178731731 5436.9455182991205 1.6864068367925742 0.8171229109670143 1.523507771583031
97720.62788674861 10711.33595724368 2.986814597376397 0.8225555290279228 1.516524904045735
108654.43657914925 12108.32327473379 2.3277084666601544 0.4673468437317668 1.618262979630675
193605.4076689267 8066.199250851781 1.260818598567974 0.7594643322572917 0.9075251173762403
122252.63171225815 1486.844450055851 1.778745797175799 0.2710858314683615 1.4727728226243841
171662.6799864162 11250.559531869852 1.1172153593687855 0.24376800527772885 0.2301994786434099
176274.5847983656 12286.674311902148 2.3858223595462307 0.8149748616178688 1.2015374503638347
118701.03850741153 8492.929724695801 1.8142156670101575 0.5422823590244783 1.328288573097811
185624.15253399406 13626.688312763014 1.287755650037507 0.16953760313189356 1.538260764061027
59769.78605565981 12957.424203152113 2.344878610361076 0.9828816614044602 1.1274473071549582
147948.03025340725 10775.439018034633 2.065626992111198 0.40640111394184397 0.5605496740365788
190550.98912838302 13503.301525211977 2.437843496533299 0.7329143457329189 0.6692380707057564
158115.4696769704 10557.912965758778 2.758431420188469 0.143365513795912 1.3227979574579651
117368.7190238272 1127.7478277233067 2.677839024422159 0.991637223917713 1.4642278648670939
114981.56071758959 14852.288509398624 2.445538120104762 0.14513801121856035 1.6161735120478837
135012.11738207182 14920.970485012354 1.216759191696462 0.2524712268416755 0.9248234071637372
19293.859358645495 7811.092708875689 2.910514636935062 0.4536532172630026 1.6045960467736649
32767.742821378924 8825.335126678998 2.751706715530309 0.4500685937215065 1.9162515705059981
17018.144334062756 3802.406038977159 2.817214845534254 0.08486779663997278 1.090701624056707
79517.17799560119 13085.323272127676 1.2379664499300675 0.5995998362256217 0.8912726421079402
29838.62234137333 10608.069802830678 1.1827987719024142 0.572812238074219 0.31988530139191
89697.35789535978 4012.968174095558 2.7329250473095907 0.2537867269437522 1.462032265124245
41480.21409322415 7489.744665520344 1.4074241400117113 0.7633541658063254 0.963107100023453
141362.85136557592 10056.019717082374 2.729821142069113 0.10280074119615919 1.7012843252307246
15279.371323686679 14637.178162828184 1.1808661371612375 0.43665099311079775 1.1781513120874114
17848.603091442397 5847.663459581917 2.1617692851148655 0.46190742444522387 1.9403340164094562
27586.88359651169 7623.425695246894 2.4015611245211788 0.6012827799766285 1.6740141075132757
20925.304885683618 10505.324443538899 1.5105122363940038 0.688710532689472 0.6143802818309507
74299.19252937488 14753.335266749667 2.7303328679898042 0.42029576125420526 0.011927821686852188
172867.45148009885 13556.401296303844 1.0750393501332258 0.7739462018884709 0.018812420217375374
59532.952105484444 5334.021371218995 2.0775475826191983 0.6822460328462825 0.5823886752886591
50187.522544409076 4127.12207882831 2.5862181803197766 0.5176474198037846 0.7980622757451071
29978.0024581859 3443.674384034153 2.627117022555905 0.7281488991119351 0.34115193321228277
160956.184922618 2592.891775770799 1.6641827052796971 0.28006964581745303 1.287084509689812
15858.300904292417 1926.3964067348475 1.30154051540336 0.6349868262604246 0.10269414012687578
119113.96849144321 5975.721258854123 2.9527844586347536 0.45423483892358024 1.1084830549389006
83021.19439581425 1764.4147097087553 1.2968439928725175 0.20615753367474338 1.009264050660958
161515.61351111546 5140.224784835311 1.097390378939272 0.4468986203623816 0.155783170251115
70037.98027550151 8434.198512790026 2.46354457966717 0.6462239091836616 0.6708261981680098
190319.96246645862 13677.610088883184 2.150282981617859 0.32755665111027055 0.4266871760662856
87300.76338827665 7918.782222940404 1.9256473232460958 0.06574986523827005 0.7072443526423164
157131.3826813201 5317.811641704106 2.2820197966266633 0.81361984782728 0.307327675189537
99727.7327986226 13160.03982703711 1.1205797123425392 0.44813338418437576 0.34262597301736736
133099.4209250175 13013.781363778131 2.201984952368366 0.029557588961661118 1.428145045835576
97423.31875514165 8018.685586714261 2.078293319891709 0.5554564049765881 0.130405250301609
92103.19233705243 11955.177434684 1.5355669510686454 0.14161194509738903 0.8132941151079949
188325.74399610882 13144.986851728256 2.223873674054892 0.9358148379199486 0.29816990859041537
92415.22123189276 7845.127677491983 2.1365492604070857 0.7565570774457482 0.8278977494974692
82560.15218278319 14650.896917942082 2.966812862062554 0.8048898523383227 1.6788448935975566
